[gd_scene load_steps=97 format=3 uid="uid://qv21a7i4cm7t"]

[ext_resource type="PackedScene" uid="uid://da8ck5chi6l4k" path="res://scenes/fps_controller.tscn" id="1_8brya"]
[ext_resource type="Texture2D" uid="uid://bfoxoj3l1nw60" path="res://assets/crystal.png" id="2_e7iyd"]
[ext_resource type="Script" uid="uid://dsxy8aca3q0su" path="res://scripts/mirror.gd" id="3_iafbq"]
[ext_resource type="PackedScene" uid="uid://cx4abfx3nuie" path="res://scenes/scripted_coin.tscn" id="4_k18g4"]
[ext_resource type="PackedScene" uid="uid://da3xm0kdry8qj" path="res://scenes/physics_coin.tscn" id="5_psbkl"]
[ext_resource type="Texture2D" uid="uid://of3f7ym0f0yy" path="res://assets/water.png" id="6_e7iyd"]
[ext_resource type="Texture2D" uid="uid://ymp1mc4761ji" path="res://assets/rough_transparent.png" id="6_mw6r1"]
[ext_resource type="Texture2D" uid="uid://cfj2y1r56n7x6" path="res://assets/grass.png" id="7_t6pef"]
[ext_resource type="Texture2D" uid="uid://b85u3bu2x3el8" path="res://assets/magma.png" id="8_aciha"]
[ext_resource type="Texture2D" uid="uid://cunf7y6yixcsh" path="res://assets/leather.png" id="9_is1fq"]
[ext_resource type="Texture2D" uid="uid://d2mgkuygx7k2l" path="res://assets/snow.png" id="10_3hefl"]
[ext_resource type="Texture2D" uid="uid://cin6mnt6e1cbh" path="res://assets/rough texture.png" id="11_vv2k3"]

[sub_resource type="ProceduralSkyMaterial" id="ProceduralSkyMaterial_clerp"]
sky_horizon_color = Color(0.662243, 0.671743, 0.686743, 1)
ground_horizon_color = Color(0.662243, 0.671743, 0.686743, 1)

[sub_resource type="Sky" id="Sky_8brya"]
sky_material = SubResource("ProceduralSkyMaterial_clerp")

[sub_resource type="Environment" id="Environment_iid17"]
background_mode = 2
sky = SubResource("Sky_8brya")

[sub_resource type="StandardMaterial3D" id="StandardMaterial3D_bigbh"]
transparency = 1
albedo_color = Color(1, 1, 1, 0.486275)
albedo_texture = ExtResource("2_e7iyd")

[sub_resource type="ViewportTexture" id="ViewportTexture_e7iyd"]
viewport_path = NodePath("GameElements/Mirror/CSGBox3D/SubViewport")

[sub_resource type="StandardMaterial3D" id="StandardMaterial3D_yfb36"]
resource_local_to_scene = true
albedo_texture = SubResource("ViewportTexture_e7iyd")
roughness = 0.36

[sub_resource type="StandardMaterial3D" id="StandardMaterial3D_iafbq"]
transparency = 1
albedo_color = Color(1, 1, 1, 0.117647)
albedo_texture = ExtResource("6_e7iyd")

[sub_resource type="BoxMesh" id="BoxMesh_k18g4"]
material = SubResource("StandardMaterial3D_iafbq")
size = Vector3(39.9, 19.9, 79.9)

[sub_resource type="PlaceholderTexture2D" id="PlaceholderTexture2D_8pq5a"]

[sub_resource type="StandardMaterial3D" id="StandardMaterial3D_vpf3f"]
transparency = 1
albedo_color = Color(0.466872, 0.594163, 0.192108, 1)
albedo_texture = ExtResource("6_mw6r1")
metallic_specular = 0.0
refraction_texture = SubResource("PlaceholderTexture2D_8pq5a")
uv1_scale = Vector3(0.25, 0.25, 0.25)
uv1_triplanar = true
uv1_world_triplanar = true

[sub_resource type="StandardMaterial3D" id="StandardMaterial3D_0203f"]
albedo_texture = ExtResource("7_t6pef")
metallic = 0.05
metallic_specular = 0.13
roughness = 0.35
refraction_texture = SubResource("PlaceholderTexture2D_8pq5a")
uv1_scale = Vector3(0.1, 0.1, 0.1)
uv1_triplanar = true
uv1_world_triplanar = true

[sub_resource type="BoxMesh" id="BoxMesh_741sy"]
material = SubResource("StandardMaterial3D_0203f")
size = Vector3(500, 50, 500)

[sub_resource type="StandardMaterial3D" id="StandardMaterial3D_abjlc"]
albedo_color = Color(0.301868, 0.603378, 0.765846, 1)
albedo_texture = ExtResource("8_aciha")
uv1_scale = Vector3(0.05, 0.05, 0.05)
uv1_triplanar = true
uv1_triplanar_sharpness = 0.366025
uv1_world_triplanar = true

[sub_resource type="PrismMesh" id="PrismMesh_nqvgl"]
material = SubResource("StandardMaterial3D_abjlc")
size = Vector3(80, 48, 200)

[sub_resource type="CylinderMesh" id="CylinderMesh_e7iyd"]
material = SubResource("StandardMaterial3D_abjlc")
top_radius = 1.0
bottom_radius = 40.0
height = 70.0

[sub_resource type="PrismMesh" id="PrismMesh_psbkl"]
material = SubResource("StandardMaterial3D_abjlc")
size = Vector3(70, 38, 200)

[sub_resource type="BoxMesh" id="BoxMesh_mw6r1"]
material = SubResource("StandardMaterial3D_abjlc")
size = Vector3(21, 5, 36)

[sub_resource type="SphereMesh" id="SphereMesh_iafbq"]
material = SubResource("StandardMaterial3D_abjlc")
radius = 50.0
height = 40.0

[sub_resource type="StandardMaterial3D" id="StandardMaterial3D_t6pef"]
albedo_texture = ExtResource("7_t6pef")

[sub_resource type="BoxMesh" id="BoxMesh_aciha"]
material = SubResource("StandardMaterial3D_t6pef")
size = Vector3(40, 20, 80)

[sub_resource type="StandardMaterial3D" id="StandardMaterial3D_32m5s"]
albedo_color = Color(1, 0.9835, 0.89, 0.960784)
albedo_texture = ExtResource("9_is1fq")
metallic_specular = 0.16
uv1_world_triplanar = true

[sub_resource type="BoxMesh" id="BoxMesh_1fkf5"]
material = SubResource("StandardMaterial3D_32m5s")
size = Vector3(20, 20, 4)

[sub_resource type="StandardMaterial3D" id="StandardMaterial3D_t1exr"]
albedo_color = Color(1, 0.9835, 0.89, 0.960784)
albedo_texture = ExtResource("9_is1fq")
uv1_triplanar = true
uv1_world_triplanar = true

[sub_resource type="BoxMesh" id="BoxMesh_fieu7"]
material = SubResource("StandardMaterial3D_t1exr")
size = Vector3(4, 4, 4)

[sub_resource type="BoxMesh" id="BoxMesh_bigbh"]
material = SubResource("StandardMaterial3D_t1exr")
size = Vector3(4, 3, 4)

[sub_resource type="StandardMaterial3D" id="StandardMaterial3D_dq34n"]
albedo_color = Color(1, 0.9835, 0.89, 0.960784)
albedo_texture = ExtResource("9_is1fq")
uv1_triplanar = true
uv1_world_triplanar = true

[sub_resource type="BoxMesh" id="BoxMesh_d0iq4"]
material = SubResource("StandardMaterial3D_dq34n")
size = Vector3(4, 2, 4)

[sub_resource type="StandardMaterial3D" id="StandardMaterial3D_n8kgl"]
albedo_color = Color(1, 0.9835, 0.89, 0.960784)
albedo_texture = ExtResource("9_is1fq")
uv1_triplanar = true
uv1_world_triplanar = true

[sub_resource type="BoxMesh" id="BoxMesh_fqnl1"]
material = SubResource("StandardMaterial3D_n8kgl")
size = Vector3(4, 1, 4)

[sub_resource type="StandardMaterial3D" id="StandardMaterial3D_d0iq4"]
albedo_color = Color(0.913725, 1, 0.960784, 0.960784)
albedo_texture = ExtResource("2_e7iyd")
uv1_scale = Vector3(0.25, 0.25, 0.25)
uv1_triplanar = true
uv1_world_triplanar = true
distance_fade_min_distance = 0.25
distance_fade_max_distance = 2.0

[sub_resource type="BoxMesh" id="BoxMesh_uumii"]
material = SubResource("StandardMaterial3D_d0iq4")
size = Vector3(12, 0.5, 1)

[sub_resource type="BoxMesh" id="BoxMesh_yfb36"]
material = SubResource("StandardMaterial3D_d0iq4")
size = Vector3(2, 0.1, 8)

[sub_resource type="BoxMesh" id="BoxMesh_n8kgl"]
material = SubResource("StandardMaterial3D_d0iq4")
size = Vector3(12, 1, 8)

[sub_resource type="BoxMesh" id="BoxMesh_dq34n"]
material = SubResource("StandardMaterial3D_d0iq4")
size = Vector3(12, 2, 8)

[sub_resource type="BoxMesh" id="BoxMesh_t1exr"]
material = SubResource("StandardMaterial3D_d0iq4")
size = Vector3(12, 3, 8)

[sub_resource type="BoxMesh" id="BoxMesh_32m5s"]
material = SubResource("StandardMaterial3D_d0iq4")
size = Vector3(12, 4, 8)

[sub_resource type="StandardMaterial3D" id="StandardMaterial3D_fqnl1"]
albedo_color = Color(0.946, 0.91, 1, 0.960784)
albedo_texture = ExtResource("10_3hefl")
uv1_triplanar_sharpness = 29.4218
uv1_world_triplanar = true
distance_fade_min_distance = 0.25
distance_fade_max_distance = 1.0

[sub_resource type="PrismMesh" id="PrismMesh_stdua"]
material = SubResource("StandardMaterial3D_fqnl1")
left_to_right = 1.0
size = Vector3(12, 2, 8)

[sub_resource type="PrismMesh" id="PrismMesh_maodd"]
material = SubResource("StandardMaterial3D_fqnl1")
left_to_right = 1.0
size = Vector3(12, 4, 8)

[sub_resource type="PrismMesh" id="PrismMesh_yfb36"]
material = SubResource("StandardMaterial3D_fqnl1")
left_to_right = 1.0
size = Vector3(12, 6, 8)

[sub_resource type="PrismMesh" id="PrismMesh_uumii"]
material = SubResource("StandardMaterial3D_fqnl1")
left_to_right = 1.0
size = Vector3(12, 8, 8)

[sub_resource type="PrismMesh" id="PrismMesh_cebl7"]
material = SubResource("StandardMaterial3D_fqnl1")
left_to_right = 1.0
size = Vector3(12, 10, 8)

[sub_resource type="PrismMesh" id="PrismMesh_khno1"]
material = SubResource("StandardMaterial3D_fqnl1")
left_to_right = 1.0
size = Vector3(12, 12, 8)

[sub_resource type="PrismMesh" id="PrismMesh_is1fq"]
material = SubResource("StandardMaterial3D_fqnl1")
left_to_right = 1.0
size = Vector3(22, 30, 106.94)

[sub_resource type="StandardMaterial3D" id="StandardMaterial3D_nqvgl"]
transparency = 1
albedo_color = Color(1, 1, 1, 0.258824)
albedo_texture = ExtResource("11_vv2k3")
uv1_scale = Vector3(0.1, 0.1, 0.1)
uv1_triplanar = true
uv1_triplanar_sharpness = 2.63902

[sub_resource type="StandardMaterial3D" id="StandardMaterial3D_22ppr"]
albedo_color = Color(0.456426, 0.456426, 0.456426, 1)
metallic_specular = 0.0

[sub_resource type="CylinderMesh" id="CylinderMesh_cmckk"]
material = SubResource("StandardMaterial3D_22ppr")
top_radius = 0.3
bottom_radius = 0.3
height = 26.0
radial_segments = 4

[sub_resource type="StandardMaterial3D" id="StandardMaterial3D_uumii"]
albedo_color = Color(0.69, 0.5497, 0.2691, 1)

[sub_resource type="CylinderMesh" id="CylinderMesh_wnm7q"]
material = SubResource("StandardMaterial3D_uumii")
top_radius = 1.5
bottom_radius = 1.65
height = 0.1

[sub_resource type="CylinderMesh" id="CylinderMesh_yfb36"]
material = SubResource("StandardMaterial3D_uumii")
top_radius = 1.0
bottom_radius = 1.15
height = 0.3

[sub_resource type="CylinderMesh" id="CylinderMesh_cebl7"]
material = SubResource("StandardMaterial3D_22ppr")
top_radius = 0.3
bottom_radius = 0.3
height = 5.0
radial_segments = 10

[sub_resource type="CylinderMesh" id="CylinderMesh_khno1"]
material = SubResource("StandardMaterial3D_22ppr")
top_radius = 0.3
bottom_radius = 0.3
height = 8.0
radial_segments = 10

[sub_resource type="CylinderMesh" id="CylinderMesh_onqnv"]
material = SubResource("StandardMaterial3D_22ppr")
top_radius = 0.8
bottom_radius = 1.0
height = 16.0

[sub_resource type="CylinderMesh" id="CylinderMesh_au5bj"]
material = SubResource("StandardMaterial3D_22ppr")
bottom_radius = 0.75
height = 11.0

[sub_resource type="CylinderMesh" id="CylinderMesh_mh3qq"]
material = SubResource("StandardMaterial3D_22ppr")
top_radius = 0.3
height = 12.0

[sub_resource type="CylinderMesh" id="CylinderMesh_kuync"]
material = SubResource("StandardMaterial3D_22ppr")
top_radius = 0.1
bottom_radius = 0.3
height = 13.0

[sub_resource type="StandardMaterial3D" id="StandardMaterial3D_vv2k3"]
albedo_color = Color(0.1462, 0.43, 0.21715, 1)
metallic_specular = 0.73
roughness = 0.33

[sub_resource type="CylinderMesh" id="CylinderMesh_ncdai"]
material = SubResource("StandardMaterial3D_vv2k3")
top_radius = 1.5
bottom_radius = 1.65
height = 0.1

[sub_resource type="StandardMaterial3D" id="StandardMaterial3D_wnm7q"]
albedo_color = Color(0.69608, 0.77, 0.2156, 1)
metallic_specular = 0.73
roughness = 0.33

[sub_resource type="CylinderMesh" id="CylinderMesh_mjpix"]
material = SubResource("StandardMaterial3D_wnm7q")
top_radius = 1.5
bottom_radius = 1.65
height = 0.1

[sub_resource type="StandardMaterial3D" id="StandardMaterial3D_h8bdu"]
albedo_color = Color(0.1462, 0.43, 0.21715, 1)
metallic_specular = 0.73
roughness = 0.33

[sub_resource type="CylinderMesh" id="CylinderMesh_td8rg"]
material = SubResource("StandardMaterial3D_h8bdu")
top_radius = 2.847
bottom_radius = 3.005
height = 0.127

[sub_resource type="CylinderMesh" id="CylinderMesh_ktx8r"]
material = SubResource("StandardMaterial3D_22ppr")
top_radius = 0.3
bottom_radius = 0.3
height = 40.0
radial_segments = 4

[sub_resource type="CylinderMesh" id="CylinderMesh_ud8sp"]
material = SubResource("StandardMaterial3D_22ppr")
top_radius = 0.3
bottom_radius = 0.3
height = 30.0
radial_segments = 4

[sub_resource type="StandardMaterial3D" id="StandardMaterial3D_iwmtt"]
albedo_color = Color(0.69608, 0.77, 0.2156, 1)
metallic_specular = 0.73
roughness = 0.33

[sub_resource type="CylinderMesh" id="CylinderMesh_4cf5r"]
material = SubResource("StandardMaterial3D_iwmtt")
top_radius = 2.847
bottom_radius = 3.005
height = 0.127

[sub_resource type="CylinderMesh" id="CylinderMesh_ow684"]
material = SubResource("StandardMaterial3D_vv2k3")
top_radius = 6.0
bottom_radius = 6.5
height = 0.2

[sub_resource type="CylinderMesh" id="CylinderMesh_puves"]
material = SubResource("StandardMaterial3D_22ppr")
top_radius = 0.3
bottom_radius = 0.3
height = 40.0
radial_segments = 4

[sub_resource type="StandardMaterial3D" id="StandardMaterial3D_fthbk"]
albedo_color = Color(0.69608, 0.77, 0.2156, 1)
metallic_specular = 0.73
roughness = 0.33

[sub_resource type="CylinderMesh" id="CylinderMesh_gmy16"]
material = SubResource("StandardMaterial3D_fthbk")
top_radius = 2.847
bottom_radius = 3.005
height = 0.127

[sub_resource type="CylinderMesh" id="CylinderMesh_8ocju"]
material = SubResource("StandardMaterial3D_h8bdu")
top_radius = 4.0
bottom_radius = 4.5
height = 0.4

[sub_resource type="CylinderMesh" id="CylinderMesh_8puai"]
material = SubResource("StandardMaterial3D_uumii")
top_radius = 10.0
bottom_radius = 12.0
height = 2.5

[sub_resource type="CylinderMesh" id="CylinderMesh_gv2x6"]
material = SubResource("StandardMaterial3D_22ppr")
top_radius = 0.3
bottom_radius = 0.3
height = 26.0
radial_segments = 4

[sub_resource type="CylinderMesh" id="CylinderMesh_8qey6"]
material = SubResource("StandardMaterial3D_22ppr")
top_radius = 3.0
bottom_radius = 1.0
height = 30.0
radial_segments = 10

[sub_resource type="CylinderMesh" id="CylinderMesh_iyhq1"]
material = SubResource("StandardMaterial3D_22ppr")
top_radius = 3.0
bottom_radius = 1.0
height = 30.0
radial_segments = 10

[sub_resource type="CylinderMesh" id="CylinderMesh_s4n3l"]
material = SubResource("StandardMaterial3D_22ppr")
bottom_radius = 0.75
height = 11.0
radial_segments = 10

[sub_resource type="CylinderMesh" id="CylinderMesh_qn78l"]
material = SubResource("StandardMaterial3D_22ppr")
top_radius = 3.112
bottom_radius = 3.312
height = 1.0
radial_segments = 10

[sub_resource type="CylinderMesh" id="CylinderMesh_5vwqk"]
material = SubResource("StandardMaterial3D_22ppr")
top_radius = 0.1
bottom_radius = 0.3
height = 18.0
radial_segments = 10

[sub_resource type="CylinderMesh" id="CylinderMesh_26cs1"]
material = SubResource("StandardMaterial3D_22ppr")
bottom_radius = 0.1
height = 10.0
radial_segments = 10

[sub_resource type="CylinderMesh" id="CylinderMesh_h8bdu"]
material = SubResource("StandardMaterial3D_22ppr")
top_radius = 12.0
bottom_radius = 1.0
height = 160.0
radial_segments = 32

[sub_resource type="StandardMaterial3D" id="StandardMaterial3D_8puai"]
albedo_texture = ExtResource("2_e7iyd")
metallic_specular = 0.93
roughness = 0.0
uv1_scale = Vector3(0.1, 0.1, 0.1)
uv1_triplanar = true

[sub_resource type="Curve3D" id="Curve3D_ktx8r"]
_data = {
"points": PackedVector3Array(0.012619, 0.650772, 145.547, -0.012619, -0.650772, -145.547, 0.440079, 1.6772, -0.264969, -0.0217972, -7.24882, 3.64879, 0.0217972, 7.24882, -3.64879, 0.128906, 53.6293, -176.204, -0.319862, -43.3141, 1.99217, 0.319862, 43.3141, -1.99217, 0.332214, 108.652, -188.487),
"tilts": PackedFloat32Array(0, 0, 0)
}
point_count = 3

[sub_resource type="StandardMaterial3D" id="StandardMaterial3D_gv2x6"]
albedo_color = Color(0.168119, 0.16812, 0.168119, 1)
albedo_texture = ExtResource("11_vv2k3")
metallic = 0.55
metallic_specular = 0.2
roughness = 0.45

[sub_resource type="CylinderMesh" id="CylinderMesh_iwmtt"]
material = SubResource("StandardMaterial3D_gv2x6")
top_radius = 20.0
bottom_radius = 11.5
height = 5.0
radial_segments = 32

[node name="debug_level" type="Node3D"]
metadata/_edit_lock_ = true

[node name="GameElements" type="Node3D" parent="."]

[node name="WorldEnvironment" type="WorldEnvironment" parent="GameElements"]
environment = SubResource("Environment_iid17")

[node name="DirectionalLight3D" type="DirectionalLight3D" parent="GameElements"]
transform = Transform3D(-0.866023, -0.433016, 0.250001, 0, 0.499998, 0.866027, -0.500003, 0.749999, -0.43301, 0, 50, 0)
light_energy = 0.25
shadow_enabled = true
metadata/_edit_lock_ = true

[node name="Telepoints" type="Node3D" parent="GameElements"]

[node name="Spawn" type="Marker3D" parent="GameElements/Telepoints" groups=["telepoint"]]
transform = Transform3D(-0.627026, 0, -0.778999, 0, 1, 0, 0.778999, 0, -0.627026, -12.165, -4.76837e-07, -2.68608)

[node name="Surf Pit" type="Marker3D" parent="GameElements/Telepoints" groups=["telepoint"]]
transform = Transform3D(-4.37114e-08, 0, 1, 0, 1, 0, -1, 0, -4.37114e-08, 110.607, 14.9923, -72.7177)

[node name="The Ramp" type="Marker3D" parent="GameElements/Telepoints" groups=["telepoint"]]
transform = Transform3D(-0.0305453, 0.0645785, -0.997445, 0, 0.997911, 0.0646086, 0.999534, 0.00197349, -0.0304815, -238, 156, -72.9014)

[node name="CharacterBody3D" parent="GameElements" instance=ExtResource("1_8brya")]
transform = Transform3D(-0.627026, 0, -0.778999, 0, 1, 0, 0.778999, 0, -0.627026, -12.165, -4.76837e-07, -2.68608)

[node name="Mirror" type="CSGBox3D" parent="GameElements"]
transform = Transform3D(-0.707107, 0, 0.707107, 0, 1, 0, -0.707107, 0, -0.707107, -12.8191, 2, 1.0308)
use_collision = true
size = Vector3(3, 4, 0.05)
material = SubResource("StandardMaterial3D_bigbh")

[node name="Silverback" type="CSGBox3D" parent="GameElements/Mirror"]
transform = Transform3D(1, 0, 0, 0, 1, 0, 0, 0, 1, 0, 0, 0.01)
size = Vector3(2.5, 3.5, 0.01)
material = SubResource("StandardMaterial3D_yfb36")

[node name="CSGBox3D" type="CSGBox3D" parent="GameElements/Mirror"]
transform = Transform3D(1, 0, 0, 0, 1, 0, 0, 0, 1, 0, 0, 0.05)
size = Vector3(2.5, 3.5, 0.001)
material = SubResource("StandardMaterial3D_yfb36")
script = ExtResource("3_iafbq")

[node name="SubViewport" type="SubViewport" parent="GameElements/Mirror/CSGBox3D"]
size = Vector2i(1024, 1432)
render_target_update_mode = 0

[node name="Node3D" type="Node3D" parent="GameElements/Mirror/CSGBox3D/SubViewport"]
transform = Transform3D(0.707107, 0, -0.707107, 0, 1, 0, 0.707107, 0, 0.707107, -12.8577, 2.18985, 1.09171)

[node name="Camera3D" type="Camera3D" parent="GameElements/Mirror/CSGBox3D/SubViewport/Node3D"]
transform = Transform3D(1, 0, 0, 0, 1, 0, 0, 0, 1, 0, 0, -0.0245645)
near = 0.1

[node name="Node3D" type="Node3D" parent="GameElements/Mirror"]

[node name="rolling_coins" type="Node3D" parent="GameElements"]
transform = Transform3D(1, 0, 0, 0, 1, 0, 0, 0, 1, -2, 0, -2.29)

[node name="physics_coin" parent="GameElements/rolling_coins" instance=ExtResource("5_psbkl")]
transform = Transform3D(-0.073436, -0.959215, 0.272974, -0.840827, 0.206739, 0.500269, -0.5363, -0.192786, -0.821716, -5.71745, -1.36125, -69.2039)

[node name="physics_coin2" parent="GameElements/rolling_coins" instance=ExtResource("5_psbkl")]
transform = Transform3D(0.316285, -0.854014, -0.413066, 0.332734, -0.307893, 0.891342, -0.8884, -0.419359, 0.186778, -1.73028, 25.3818, -67.7553)

[node name="physics_coin3" parent="GameElements/rolling_coins" instance=ExtResource("5_psbkl")]
transform = Transform3D(0.661242, -0.346064, 0.665582, -0.454823, 0.520627, 0.722553, -0.59657, -0.780506, 0.186862, -10.1193, 13.0548, -67.7175)

[node name="physics_coin4" parent="GameElements/rolling_coins" instance=ExtResource("5_psbkl")]
transform = Transform3D(-0.20917, -0.975981, 0.0609014, -0.634126, 0.182786, 0.751315, -0.744401, 0.118533, -0.657129, -6.13016, 5.16969, -69.8813)

[node name="physics_coin5" parent="GameElements/rolling_coins" instance=ExtResource("5_psbkl")]
transform = Transform3D(-0.073436, -0.959215, 0.272974, -0.840827, 0.206739, 0.500269, -0.5363, -0.192786, -0.821716, -19.4734, 2.65505, -70.1956)

[node name="physics_coin6" parent="GameElements/rolling_coins" instance=ExtResource("5_psbkl")]
transform = Transform3D(-0.20917, -0.975981, 0.0609014, -0.634126, 0.182786, 0.751315, -0.744401, 0.118533, -0.657129, -12.2904, 14.6267, -68.3812)

[node name="physics_coin7" parent="GameElements/rolling_coins" instance=ExtResource("5_psbkl")]
transform = Transform3D(-0.0392834, -0.973483, -0.225364, -0.878294, -0.0739147, 0.472375, -0.476507, 0.216492, -0.8521, -10.3616, -3.44642, -66.976)

[node name="physics_coin8" parent="GameElements/rolling_coins" instance=ExtResource("5_psbkl")]
transform = Transform3D(-0.166657, -0.826074, -0.538355, 0.316594, -0.561913, 0.764215, -0.933808, -0.0430786, 0.355176, 2.00516, 15.9734, -71.74)

[node name="physics_coin9" parent="GameElements/rolling_coins" instance=ExtResource("5_psbkl")]
transform = Transform3D(0.471469, -0.756598, 0.453075, -0.319558, 0.332273, 0.887399, -0.821949, -0.563166, -0.0851215, 2.43101, 12.7045, -77.3367)

[node name="physics_coin10" parent="GameElements/rolling_coins" instance=ExtResource("5_psbkl")]
transform = Transform3D(-0.298123, -0.858788, -0.416659, -0.736049, -0.0710948, 0.673185, -0.607746, 0.507373, -0.610917, -16.0357, 8.5013, -63.577)

[node name="physics_coin11" parent="GameElements/rolling_coins" instance=ExtResource("5_psbkl")]
transform = Transform3D(-0.0392834, -0.973483, -0.225364, -0.878294, -0.0739147, 0.472375, -0.476507, 0.216492, -0.8521, 5.50033, 2.74788, -59.6978)

[node name="physics_coin12" parent="GameElements/rolling_coins" instance=ExtResource("5_psbkl")]
transform = Transform3D(-0.298123, -0.858788, -0.416659, -0.736049, -0.0710948, 0.673185, -0.607746, 0.507373, -0.610917, -9.35799, 14.7403, -60.1335)

[node name="physics_coin13" parent="GameElements/rolling_coins" instance=ExtResource("5_psbkl")]
transform = Transform3D(-0.073436, -0.959215, 0.272974, -0.840827, 0.206739, 0.500269, -0.5363, -0.192786, -0.821716, -1.43456, 11.9699, -86.1821)

[node name="physics_coin14" parent="GameElements/rolling_coins" instance=ExtResource("5_psbkl")]
transform = Transform3D(0.316285, -0.854014, -0.413066, 0.332734, -0.307893, 0.891342, -0.8884, -0.419359, 0.186778, -5.49314, 17.6588, -72.0597)

[node name="physics_coin15" parent="GameElements/rolling_coins" instance=ExtResource("5_psbkl")]
transform = Transform3D(0.661242, -0.346064, 0.665582, -0.454823, 0.520627, 0.722553, -0.59657, -0.780506, 0.186862, 7.46141, 12.9148, -68.4326)

[node name="physics_coin16" parent="GameElements/rolling_coins" instance=ExtResource("5_psbkl")]
transform = Transform3D(-0.20917, -0.975981, 0.0609014, -0.634126, 0.182786, 0.751315, -0.744401, 0.118533, -0.657129, -18.7416, 20.1068, -88.0163)

[node name="physics_coin17" parent="GameElements/rolling_coins" instance=ExtResource("5_psbkl")]
transform = Transform3D(-0.073436, -0.959215, 0.272974, -0.840827, 0.206739, 0.500269, -0.5363, -0.192786, -0.821716, -3.21703, 13.3008, -84.9334)

[node name="physics_coin18" parent="GameElements/rolling_coins" instance=ExtResource("5_psbkl")]
transform = Transform3D(-0.20917, -0.975981, 0.0609014, -0.634126, 0.182786, 0.751315, -0.744401, 0.118533, -0.657129, -9.49418, 26.8161, -83.3779)

[node name="physics_coin19" parent="GameElements/rolling_coins" instance=ExtResource("5_psbkl")]
transform = Transform3D(-0.0392834, -0.973483, -0.225364, -0.878294, -0.0739147, 0.472375, -0.476507, 0.216492, -0.8521, -17.5863, 9.49668, -84.7632)

[node name="physics_coin20" parent="GameElements/rolling_coins" instance=ExtResource("5_psbkl")]
transform = Transform3D(-0.166657, -0.826074, -0.538355, 0.316594, -0.561913, 0.764215, -0.933808, -0.0430786, 0.355176, -3.311, 11.4172, -70.0332)

[node name="physics_coin21" parent="GameElements/rolling_coins" instance=ExtResource("5_psbkl")]
transform = Transform3D(0.471469, -0.756598, 0.453075, -0.319558, 0.332273, 0.8874, -0.821949, -0.563166, -0.0851215, 3.7481, 11.9687, -88.4793)

[node name="physics_coin22" parent="GameElements/rolling_coins" instance=ExtResource("5_psbkl")]
transform = Transform3D(-0.298123, -0.858788, -0.416659, -0.736049, -0.0710948, 0.673185, -0.607746, 0.507373, -0.610917, -21.5091, 18.9514, -77.101)

[node name="physics_coin23" parent="GameElements/rolling_coins" instance=ExtResource("5_psbkl")]
transform = Transform3D(-0.0392834, -0.973483, -0.225364, -0.878294, -0.0739147, 0.472375, -0.476507, 0.216492, -0.8521, -0.197086, 8.8295, -79.55)

[node name="physics_coin24" parent="GameElements/rolling_coins" instance=ExtResource("5_psbkl")]
transform = Transform3D(-0.298123, -0.858788, -0.416659, -0.736049, -0.0710948, 0.673185, -0.607746, 0.507373, -0.610917, -30.5779, 21.8409, -79.0853)

[node name="physics_coin25" parent="GameElements/rolling_coins" instance=ExtResource("5_psbkl")]
transform = Transform3D(-0.073436, -0.959215, 0.272974, -0.840827, 0.206739, 0.500269, -0.5363, -0.192786, -0.821716, -8.61201, 6.28583, -67.2219)

[node name="physics_coin26" parent="GameElements/rolling_coins" instance=ExtResource("5_psbkl")]
transform = Transform3D(0.316285, -0.854014, -0.413066, 0.332734, -0.307893, 0.891342, -0.8884, -0.419359, 0.186778, -6.99859, 20.1537, -71.0525)

[node name="physics_coin27" parent="GameElements/rolling_coins" instance=ExtResource("5_psbkl")]
transform = Transform3D(0.661242, -0.346064, 0.665582, -0.454823, 0.520627, 0.722553, -0.59657, -0.780506, 0.186862, 2.42746, 12.2341, -64.651)

[node name="physics_coin28" parent="GameElements/rolling_coins" instance=ExtResource("5_psbkl")]
transform = Transform3D(-0.20917, -0.975981, 0.0609014, -0.634126, 0.182786, 0.751315, -0.744401, 0.118533, -0.657129, -15.9202, 8.00498, -71.4825)

[node name="physics_coin29" parent="GameElements/rolling_coins" instance=ExtResource("5_psbkl")]
transform = Transform3D(-0.073436, -0.959215, 0.272974, -0.840827, 0.206739, 0.500269, -0.5363, -0.192786, -0.821716, -6.12795, 3.73299, -66.2304)

[node name="physics_coin30" parent="GameElements/rolling_coins" instance=ExtResource("5_psbkl")]
transform = Transform3D(-0.20917, -0.975981, 0.0609014, -0.634126, 0.182786, 0.751315, -0.744401, 0.118533, -0.657129, -13.3802, 6.96873, -71.4348)

[node name="physics_coin31" parent="GameElements/rolling_coins" instance=ExtResource("5_psbkl")]
transform = Transform3D(-0.0392834, -0.973483, -0.225364, -0.878294, -0.0739147, 0.472375, -0.476507, 0.216492, -0.8521, -2.94745, 8.20952, -60.7857)

[node name="physics_coin32" parent="GameElements/rolling_coins" instance=ExtResource("5_psbkl")]
transform = Transform3D(-0.166657, -0.826074, -0.538355, 0.316594, -0.561913, 0.764215, -0.933808, -0.0430786, 0.355176, -16.8047, 21.0514, -74.9497)

[node name="physics_coin33" parent="GameElements/rolling_coins" instance=ExtResource("5_psbkl")]
transform = Transform3D(0.471469, -0.756598, 0.453075, -0.319558, 0.332273, 0.887399, -0.821949, -0.563166, -0.0851215, 0.132862, 14.6268, -77.2593)

[node name="physics_coin34" parent="GameElements/rolling_coins" instance=ExtResource("5_psbkl")]
transform = Transform3D(-0.298123, -0.858788, -0.416659, -0.736049, -0.0710948, 0.673185, -0.607746, 0.507373, -0.610917, -11.766, 4.78556, -63.7727)

[node name="physics_coin35" parent="GameElements/rolling_coins" instance=ExtResource("5_psbkl")]
transform = Transform3D(-0.0392834, -0.973483, -0.225364, -0.878294, -0.0739147, 0.472375, -0.476507, 0.216492, -0.8521, 1.30223, 4.06276, -60.3487)

[node name="physics_coin36" parent="GameElements/rolling_coins" instance=ExtResource("5_psbkl")]
transform = Transform3D(-0.298123, -0.858788, -0.416659, -0.736049, -0.0710948, 0.673185, -0.607746, 0.507373, -0.610917, -20.3654, 8.49937, -65.3339)

[node name="physics_coin37" parent="GameElements/rolling_coins" instance=ExtResource("5_psbkl")]
transform = Transform3D(-0.073436, -0.959215, 0.272974, -0.840827, 0.206739, 0.500269, -0.5363, -0.192786, -0.821716, -3.92944, 15.8045, -85.4679)

[node name="physics_coin38" parent="GameElements/rolling_coins" instance=ExtResource("5_psbkl")]
transform = Transform3D(0.316285, -0.854014, -0.413066, 0.332734, -0.307893, 0.891342, -0.8884, -0.419359, 0.186778, 2.05944, 15.142, -70.9432)

[node name="physics_coin39" parent="GameElements/rolling_coins" instance=ExtResource("5_psbkl")]
transform = Transform3D(0.661242, -0.346064, 0.665582, -0.454823, 0.520627, 0.722553, -0.59657, -0.780506, 0.186862, -13.4642, 13.3076, -73.8989)

[node name="physics_coin40" parent="GameElements/rolling_coins" instance=ExtResource("5_psbkl")]
transform = Transform3D(-0.20917, -0.975981, 0.0609014, -0.634126, 0.182786, 0.751315, -0.744401, 0.118533, -0.657129, -13.0547, 20.0021, -86.53)

[node name="physics_coin41" parent="GameElements/rolling_coins" instance=ExtResource("5_psbkl")]
transform = Transform3D(-0.073436, -0.959215, 0.272974, -0.840827, 0.206739, 0.500269, -0.5363, -0.192786, -0.821716, 5.03142, 14.7884, -82.1864)

[node name="physics_coin42" parent="GameElements/rolling_coins" instance=ExtResource("5_psbkl")]
transform = Transform3D(-0.20917, -0.975981, 0.0609014, -0.634126, 0.182786, 0.751315, -0.744401, 0.118533, -0.657129, -8.24599, 23.3035, -84.3101)

[node name="physics_coin43" parent="GameElements/rolling_coins" instance=ExtResource("5_psbkl")]
transform = Transform3D(-0.0392834, -0.973483, -0.225364, -0.878294, -0.0739147, 0.472375, -0.476507, 0.216492, -0.8521, -11.6277, 15.9188, -80.8504)

[node name="physics_coin44" parent="GameElements/rolling_coins" instance=ExtResource("5_psbkl")]
transform = Transform3D(-0.166657, -0.826074, -0.538355, 0.316594, -0.561913, 0.764215, -0.933808, -0.0430786, 0.355176, -10.7042, 19.4145, -69.1306)

[node name="physics_coin45" parent="GameElements/rolling_coins" instance=ExtResource("5_psbkl")]
transform = Transform3D(0.471469, -0.756598, 0.453075, -0.319558, 0.332273, 0.8874, -0.821949, -0.563166, -0.0851215, 3.46497, 20.5422, -85.4634)

[node name="physics_coin46" parent="GameElements/rolling_coins" instance=ExtResource("5_psbkl")]
transform = Transform3D(-0.298123, -0.858788, -0.416659, -0.736049, -0.0710948, 0.673185, -0.607746, 0.507373, -0.610917, -22.4432, 25.0974, -75.135)

[node name="physics_coin47" parent="GameElements/rolling_coins" instance=ExtResource("5_psbkl")]
transform = Transform3D(-0.0392834, -0.973483, -0.225364, -0.878294, -0.0739147, 0.472375, -0.476507, 0.216492, -0.8521, -7.59061, 13.6245, -79.8023)

[node name="physics_coin48" parent="GameElements/rolling_coins" instance=ExtResource("5_psbkl")]
transform = Transform3D(-0.298123, -0.858788, -0.416659, -0.736049, -0.0710948, 0.673185, -0.607746, 0.507373, -0.610917, -22.0603, 23.9782, -76.032)

[node name="coin_line" type="Node3D" parent="GameElements"]

[node name="scripted_coin30" parent="GameElements/coin_line" instance=ExtResource("4_k18g4")]
transform = Transform3D(1, 0, 0, 0, 1, 0, 0, 0, 1, 63.2358, 25.7841, -12.4961)

[node name="scripted_coin31" parent="GameElements/coin_line" instance=ExtResource("4_k18g4")]
transform = Transform3D(1, 0, 0, 0, 1, 0, 0, 0, 1, 63.2358, 24.7841, -12.4961)

[node name="scripted_coin32" parent="GameElements/coin_line" instance=ExtResource("4_k18g4")]
transform = Transform3D(1, 0, 0, 0, 1, 0, 0, 0, 1, 63.2358, 23.7841, -12.4961)

[node name="scripted_coin33" parent="GameElements/coin_line" instance=ExtResource("4_k18g4")]
transform = Transform3D(1, 0, 0, 0, 1, 0, 0, 0, 1, 63.2358, 22.7841, -12.4961)

[node name="scripted_coin34" parent="GameElements/coin_line" instance=ExtResource("4_k18g4")]
transform = Transform3D(1, 0, 0, 0, 1, 0, 0, 0, 1, 63.2358, 21.7841, -12.4961)

[node name="scripted_coin35" parent="GameElements/coin_line" instance=ExtResource("4_k18g4")]
transform = Transform3D(1, 0, 0, 0, 1, 0, 0, 0, 1, 63.2358, 20.7841, -12.4961)

[node name="scripted_coin36" parent="GameElements/coin_line" instance=ExtResource("4_k18g4")]
transform = Transform3D(1, 0, 0, 0, 1, 0, 0, 0, 1, 63.2358, 19.7841, -12.4961)

[node name="scripted_coin37" parent="GameElements/coin_line" instance=ExtResource("4_k18g4")]
transform = Transform3D(1, 0, 0, 0, 1, 0, 0, 0, 1, 63.2358, 18.7841, -12.4961)

[node name="scripted_coin38" parent="GameElements/coin_line" instance=ExtResource("4_k18g4")]
transform = Transform3D(1, 0, 0, 0, 1, 0, 0, 0, 1, 63.2358, 17.7841, -12.4961)

[node name="scripted_coin39" parent="GameElements/coin_line" instance=ExtResource("4_k18g4")]
transform = Transform3D(1, 0, 0, 0, 1, 0, 0, 0, 1, 63.2358, 16.7841, -12.4961)

[node name="scripted_coin40" parent="GameElements/coin_line" instance=ExtResource("4_k18g4")]
transform = Transform3D(1, 0, 0, 0, 1, 0, 0, 0, 1, 63.2358, 15.7841, -12.4961)

[node name="scripted_coin41" parent="GameElements/coin_line" instance=ExtResource("4_k18g4")]
transform = Transform3D(1, 0, 0, 0, 1, 0, 0, 0, 1, 63.2358, 14.7841, -12.4961)

[node name="scripted_coin42" parent="GameElements/coin_line" instance=ExtResource("4_k18g4")]
transform = Transform3D(1, 0, 0, 0, 1, 0, 0, 0, 1, 63.2358, 13.7841, -12.4961)

[node name="scripted_coin43" parent="GameElements/coin_line" instance=ExtResource("4_k18g4")]
transform = Transform3D(1, 0, 0, 0, 1, 0, 0, 0, 1, 63.2358, 12.7841, -12.4961)

[node name="scripted_coin44" parent="GameElements/coin_line" instance=ExtResource("4_k18g4")]
transform = Transform3D(1, 0, 0, 0, 1, 0, 0, 0, 1, 63.2358, 11.7841, -12.4961)

[node name="scripted_coin45" parent="GameElements/coin_line" instance=ExtResource("4_k18g4")]
transform = Transform3D(1, 0, 0, 0, 1, 0, 0, 0, 1, 63.2358, 10.7841, -12.4961)

[node name="scripted_coin46" parent="GameElements/coin_line" instance=ExtResource("4_k18g4")]
transform = Transform3D(1, 0, 0, 0, 1, 0, 0, 0, 1, 63.2358, 25.7841, -13.4961)

[node name="scripted_coin47" parent="GameElements/coin_line" instance=ExtResource("4_k18g4")]
transform = Transform3D(1, 0, 0, 0, 1, 0, 0, 0, 1, 63.2358, 24.7841, -13.4961)

[node name="scripted_coin48" parent="GameElements/coin_line" instance=ExtResource("4_k18g4")]
transform = Transform3D(1, 0, 0, 0, 1, 0, 0, 0, 1, 63.2358, 23.7841, -13.4961)

[node name="scripted_coin49" parent="GameElements/coin_line" instance=ExtResource("4_k18g4")]
transform = Transform3D(1, 0, 0, 0, 1, 0, 0, 0, 1, 63.2358, 22.7841, -13.4961)

[node name="scripted_coin50" parent="GameElements/coin_line" instance=ExtResource("4_k18g4")]
transform = Transform3D(1, 0, 0, 0, 1, 0, 0, 0, 1, 63.2358, 21.7841, -13.4961)

[node name="scripted_coin51" parent="GameElements/coin_line" instance=ExtResource("4_k18g4")]
transform = Transform3D(1, 0, 0, 0, 1, 0, 0, 0, 1, 63.2358, 20.7841, -13.4961)

[node name="scripted_coin52" parent="GameElements/coin_line" instance=ExtResource("4_k18g4")]
transform = Transform3D(1, 0, 0, 0, 1, 0, 0, 0, 1, 63.2358, 19.7841, -13.4961)

[node name="scripted_coin53" parent="GameElements/coin_line" instance=ExtResource("4_k18g4")]
transform = Transform3D(1, 0, 0, 0, 1, 0, 0, 0, 1, 63.2358, 18.7841, -13.4961)

[node name="scripted_coin54" parent="GameElements/coin_line" instance=ExtResource("4_k18g4")]
transform = Transform3D(1, 0, 0, 0, 1, 0, 0, 0, 1, 63.2358, 17.7841, -13.4961)

[node name="scripted_coin55" parent="GameElements/coin_line" instance=ExtResource("4_k18g4")]
transform = Transform3D(1, 0, 0, 0, 1, 0, 0, 0, 1, 63.2358, 16.7841, -13.4961)

[node name="scripted_coin56" parent="GameElements/coin_line" instance=ExtResource("4_k18g4")]
transform = Transform3D(1, 0, 0, 0, 1, 0, 0, 0, 1, 63.2358, 15.7841, -13.4961)

[node name="scripted_coin57" parent="GameElements/coin_line" instance=ExtResource("4_k18g4")]
transform = Transform3D(1, 0, 0, 0, 1, 0, 0, 0, 1, 63.2358, 14.7841, -13.4961)

[node name="scripted_coin58" parent="GameElements/coin_line" instance=ExtResource("4_k18g4")]
transform = Transform3D(1, 0, 0, 0, 1, 0, 0, 0, 1, 63.2358, 13.7841, -13.4961)

[node name="scripted_coin59" parent="GameElements/coin_line" instance=ExtResource("4_k18g4")]
transform = Transform3D(1, 0, 0, 0, 1, 0, 0, 0, 1, 63.2358, 12.7841, -13.4961)

[node name="scripted_coin60" parent="GameElements/coin_line" instance=ExtResource("4_k18g4")]
transform = Transform3D(1, 0, 0, 0, 1, 0, 0, 0, 1, 63.2358, 11.7841, -13.4961)

[node name="scripted_coin61" parent="GameElements/coin_line" instance=ExtResource("4_k18g4")]
transform = Transform3D(1, 0, 0, 0, 1, 0, 0, 0, 1, 63.2358, 10.7841, -13.4961)

[node name="hovering_coins" type="Node3D" parent="GameElements"]
transform = Transform3D(1, 0, 0, 0, 1, 0, 0, 0, 1, -8.67548, 2.86383, -5.95124)

[node name="scripted_coin" parent="GameElements/hovering_coins" instance=ExtResource("4_k18g4")]
transform = Transform3D(1, 0, 0, 0, 1, 0, 0, 0, 1, 3.71573, -2.36548, 3.67731)

[node name="scripted_coin2" parent="GameElements/hovering_coins" instance=ExtResource("4_k18g4")]
transform = Transform3D(1, 0, 0, 0, 1, 0, 0, 0, 1, 8.71573, -2.36548, 9.92853)

[node name="scripted_coin3" parent="GameElements/hovering_coins" instance=ExtResource("4_k18g4")]
transform = Transform3D(1, 0, 0, 0, 1, 0, 0, 0, 1, -4.78427, 9.13452, 8.76225)

[node name="scripted_coin27" parent="GameElements/hovering_coins" instance=ExtResource("4_k18g4")]
transform = Transform3D(1, 0, 0, 0, 1, 0, 0, 0, 1, -4.78427, 9.13452, 11.7622)

[node name="scripted_coin28" parent="GameElements/hovering_coins" instance=ExtResource("4_k18g4")]
transform = Transform3D(1, 0, 0, 0, 1, 0, 0, 0, 1, -4.78427, 9.13452, 14.7622)

[node name="scripted_coin4" parent="GameElements/hovering_coins" instance=ExtResource("4_k18g4")]
transform = Transform3D(1, 0.000131298, -3.15761e-05, -0.000131288, 1, 0.000321888, 3.16175e-05, -0.000321884, 1, 72.6809, 22.9202, -5.02113)

[node name="scripted_coin30" parent="GameElements/hovering_coins" instance=ExtResource("4_k18g4")]
transform = Transform3D(1, 0.000131298, -3.15761e-05, -0.000131288, 1, 0.000321888, 3.16175e-05, -0.000321884, 1, 73.611, 22.9202, -4.48771)

[node name="scripted_coin31" parent="GameElements/hovering_coins" instance=ExtResource("4_k18g4")]
transform = Transform3D(1, 0.000131298, -3.15761e-05, -0.000131288, 1, 0.000321888, 3.16175e-05, -0.000321884, 1, 73.4065, 22.9202, -3.53077)

[node name="scripted_coin32" parent="GameElements/hovering_coins" instance=ExtResource("4_k18g4")]
transform = Transform3D(1, 0.000131298, -3.15761e-05, -0.000131288, 1, 0.000321888, 3.16175e-05, -0.000321884, 1, 72.427, 22.9202, -2.99993)

[node name="scripted_coin33" parent="GameElements/hovering_coins" instance=ExtResource("4_k18g4")]
transform = Transform3D(1, 0.000131298, -3.15761e-05, -0.000131288, 1, 0.000321888, 3.16175e-05, -0.000321884, 1, 71.803, 22.9202, -4.07387)

[node name="scripted_coin34" parent="GameElements/hovering_coins" instance=ExtResource("4_k18g4")]
transform = Transform3D(1, 0.000131298, -3.15761e-05, -0.000131288, 1, 0.000321888, 3.16175e-05, -0.000321884, 1, 72.0041, 18.4008, -3.92569)

[node name="scripted_coin35" parent="GameElements/hovering_coins" instance=ExtResource("4_k18g4")]
transform = Transform3D(1, 0.000131298, -3.15761e-05, -0.000131288, 1, 0.000321888, 3.16175e-05, -0.000321884, 1, 71.7205, 18.4008, -3.03707)

[node name="scripted_coin36" parent="GameElements/hovering_coins" instance=ExtResource("4_k18g4")]
transform = Transform3D(1, 0.000131298, -3.15761e-05, -0.000131288, 1, 0.000321888, 3.16175e-05, -0.000321884, 1, 70.8192, 18.4008, -2.8949)

[node name="scripted_coin37" parent="GameElements/hovering_coins" instance=ExtResource("4_k18g4")]
transform = Transform3D(1, 0.000131298, -3.15761e-05, -0.000131288, 1, 0.000321888, 3.16175e-05, -0.000321884, 1, 70.0686, 18.4008, -3.92028)

[node name="scripted_coin38" parent="GameElements/hovering_coins" instance=ExtResource("4_k18g4")]
transform = Transform3D(1, 0.000131298, -3.15761e-05, -0.000131288, 1, 0.000321888, 3.16175e-05, -0.000321884, 1, 70.7078, 18.4008, -4.81129)

[node name="scripted_coin10" parent="GameElements/hovering_coins" instance=ExtResource("4_k18g4")]
transform = Transform3D(1, 0, 0, 0, 1, 0, 0, 0, 1, 53.4919, 17.2192, 9.5358)

[node name="scripted_coin11" parent="GameElements/hovering_coins" instance=ExtResource("4_k18g4")]
transform = Transform3D(1, 0, 0, 0, 1, 0, 0, 0, 1, 53.4919, 17.2192, 10.5358)

[node name="scripted_coin12" parent="GameElements/hovering_coins" instance=ExtResource("4_k18g4")]
transform = Transform3D(1, 0, 0, 0, 1, 0, 0, 0, 1, 53.4919, 17.2192, 24.5358)

[node name="scripted_coin13" parent="GameElements/hovering_coins" instance=ExtResource("4_k18g4")]
