[gd_scene load_steps=102 format=3 uid="uid://qv21a7i4cm7t"]

[ext_resource type="PackedScene" uid="uid://da8ck5chi6l4k" path="res://scenes/fps_controller.tscn" id="1_8brya"]
[ext_resource type="Texture2D" uid="uid://bfoxoj3l1nw60" path="res://assets/crystal.png" id="2_e7iyd"]
[ext_resource type="Script" uid="uid://dsxy8aca3q0su" path="res://scripts/mirror.gd" id="3_iafbq"]
[ext_resource type="PackedScene" uid="uid://dloujssolwmy6" path="res://scenes/bobbing_coin.tscn" id="4_wnm7q"]
[ext_resource type="PackedScene" uid="uid://da3xm0kdry8qj" path="res://scenes/physics_coin.tscn" id="5_psbkl"]
[ext_resource type="Texture2D" uid="uid://of3f7ym0f0yy" path="res://assets/water.png" id="6_e7iyd"]
[ext_resource type="Texture2D" uid="uid://ymp1mc4761ji" path="res://assets/rough_transparent.png" id="6_mw6r1"]
[ext_resource type="Texture2D" uid="uid://cfj2y1r56n7x6" path="res://assets/grass.png" id="7_t6pef"]
[ext_resource type="Texture2D" uid="uid://b85u3bu2x3el8" path="res://assets/magma.png" id="8_aciha"]
[ext_resource type="Texture2D" uid="uid://cunf7y6yixcsh" path="res://assets/leather.png" id="9_is1fq"]
[ext_resource type="Texture2D" uid="uid://d2mgkuygx7k2l" path="res://assets/snow.png" id="10_3hefl"]
[ext_resource type="Texture2D" uid="uid://cin6mnt6e1cbh" path="res://assets/rough texture.png" id="11_vv2k3"]

[sub_resource type="ProceduralSkyMaterial" id="ProceduralSkyMaterial_clerp"]
sky_horizon_color = Color(0.662243, 0.671743, 0.686743, 1)
ground_horizon_color = Color(0.662243, 0.671743, 0.686743, 1)

[sub_resource type="Sky" id="Sky_8brya"]
sky_material = SubResource("ProceduralSkyMaterial_clerp")

[sub_resource type="Environment" id="Environment_iid17"]
background_mode = 2
sky = SubResource("Sky_8brya")

[sub_resource type="StandardMaterial3D" id="StandardMaterial3D_bigbh"]
transparency = 1
albedo_color = Color(1, 1, 1, 0.486275)
albedo_texture = ExtResource("2_e7iyd")

[sub_resource type="ViewportTexture" id="ViewportTexture_e7iyd"]
viewport_path = NodePath("GameElements/QuickMirror/Mirror/SubViewport")

[sub_resource type="StandardMaterial3D" id="StandardMaterial3D_yfb36"]
resource_local_to_scene = true
albedo_texture = SubResource("ViewportTexture_e7iyd")
roughness = 0.36

[sub_resource type="ViewportTexture" id="ViewportTexture_wnm7q"]
viewport_path = NodePath("GameElements/QuickMirror/Mirror/SubViewport")

[sub_resource type="StandardMaterial3D" id="StandardMaterial3D_8qey6"]
resource_local_to_scene = true
albedo_texture = SubResource("ViewportTexture_wnm7q")
roughness = 0.36

[sub_resource type="StandardMaterial3D" id="StandardMaterial3D_22ppr"]
albedo_color = Color(0.456426, 0.456426, 0.456426, 1)
metallic_specular = 0.0

[sub_resource type="PlaceholderTexture2D" id="PlaceholderTexture2D_8pq5a"]

[sub_resource type="StandardMaterial3D" id="StandardMaterial3D_vpf3f"]
transparency = 1
albedo_color = Color(0.466872, 0.594163, 0.192108, 1)
albedo_texture = ExtResource("6_mw6r1")
metallic_specular = 0.0
refraction_texture = SubResource("PlaceholderTexture2D_8pq5a")
uv1_scale = Vector3(0.25, 0.25, 0.25)
uv1_triplanar = true
uv1_world_triplanar = true

[sub_resource type="StandardMaterial3D" id="StandardMaterial3D_0203f"]
albedo_texture = ExtResource("7_t6pef")
metallic = 0.05
metallic_specular = 0.13
roughness = 0.35
refraction_texture = SubResource("PlaceholderTexture2D_8pq5a")
uv1_scale = Vector3(0.1, 0.1, 0.1)
uv1_triplanar = true
uv1_world_triplanar = true

[sub_resource type="StandardMaterial3D" id="StandardMaterial3D_t6pef"]
albedo_texture = ExtResource("7_t6pef")

[sub_resource type="BoxMesh" id="BoxMesh_aciha"]
material = SubResource("StandardMaterial3D_t6pef")
size = Vector3(40, 21, 80)

[sub_resource type="StandardMaterial3D" id="StandardMaterial3D_abjlc"]
albedo_color = Color(0.301868, 0.603378, 0.765846, 1)
albedo_texture = ExtResource("8_aciha")
uv1_scale = Vector3(0.05, 0.05, 0.05)
uv1_triplanar = true
uv1_triplanar_sharpness = 0.366025
uv1_world_triplanar = true

[sub_resource type="CylinderMesh" id="CylinderMesh_e7iyd"]
material = SubResource("StandardMaterial3D_abjlc")
top_radius = 1.0
bottom_radius = 43.0
height = 70.0

[sub_resource type="PrismMesh" id="PrismMesh_nqvgl"]
material = SubResource("StandardMaterial3D_abjlc")
size = Vector3(80, 50, 200)

[sub_resource type="StandardMaterial3D" id="StandardMaterial3D_nqvgl"]
transparency = 1
albedo_color = Color(1, 1, 1, 0.258824)
albedo_texture = ExtResource("11_vv2k3")
uv1_scale = Vector3(0.1, 0.1, 0.1)
uv1_triplanar = true
uv1_triplanar_sharpness = 2.63902

[sub_resource type="CylinderMesh" id="CylinderMesh_cmckk"]
material = SubResource("StandardMaterial3D_22ppr")
top_radius = 0.3
bottom_radius = 0.3
height = 26.0
radial_segments = 4

[sub_resource type="StandardMaterial3D" id="StandardMaterial3D_uumii"]
albedo_color = Color(0.69, 0.5497, 0.2691, 1)

[sub_resource type="CylinderMesh" id="CylinderMesh_wnm7q"]
material = SubResource("StandardMaterial3D_uumii")
top_radius = 1.5
bottom_radius = 1.65
height = 0.1

[sub_resource type="StandardMaterial3D" id="StandardMaterial3D_32m5s"]
albedo_color = Color(1, 0.9835, 0.89, 0.960784)
albedo_texture = ExtResource("9_is1fq")
metallic_specular = 0.16
uv1_world_triplanar = true

[sub_resource type="BoxMesh" id="BoxMesh_1fkf5"]
material = SubResource("StandardMaterial3D_32m5s")
size = Vector3(20, 20, 20)

[sub_resource type="StandardMaterial3D" id="StandardMaterial3D_t1exr"]
albedo_color = Color(1, 0.9835, 0.89, 0.960784)
albedo_texture = ExtResource("9_is1fq")
uv1_triplanar = true
uv1_world_triplanar = true

[sub_resource type="BoxMesh" id="BoxMesh_fieu7"]
material = SubResource("StandardMaterial3D_t1exr")
size = Vector3(22, 4, 2)

[sub_resource type="BoxMesh" id="BoxMesh_bigbh"]
material = SubResource("StandardMaterial3D_t1exr")
size = Vector3(22, 3, 2)

[sub_resource type="StandardMaterial3D" id="StandardMaterial3D_dq34n"]
albedo_color = Color(1, 0.9835, 0.89, 0.960784)
albedo_texture = ExtResource("9_is1fq")
uv1_triplanar = true
uv1_world_triplanar = true

[sub_resource type="BoxMesh" id="BoxMesh_d0iq4"]
material = SubResource("StandardMaterial3D_dq34n")
size = Vector3(22, 2, 2)

[sub_resource type="StandardMaterial3D" id="StandardMaterial3D_n8kgl"]
albedo_color = Color(1, 0.9835, 0.89, 0.960784)
albedo_texture = ExtResource("9_is1fq")
uv1_triplanar = true
uv1_world_triplanar = true

[sub_resource type="BoxMesh" id="BoxMesh_fqnl1"]
material = SubResource("StandardMaterial3D_n8kgl")
size = Vector3(22, 1, 2)

[sub_resource type="StandardMaterial3D" id="StandardMaterial3D_d0iq4"]
albedo_color = Color(0.913725, 1, 0.960784, 0.960784)
albedo_texture = ExtResource("2_e7iyd")
uv1_scale = Vector3(0.25, 0.25, 0.25)
uv1_triplanar = true
uv1_world_triplanar = true
distance_fade_min_distance = 0.25
distance_fade_max_distance = 2.0

[sub_resource type="BoxMesh" id="BoxMesh_uumii"]
material = SubResource("StandardMaterial3D_d0iq4")
size = Vector3(12, 0.5, 1)

[sub_resource type="BoxMesh" id="BoxMesh_yfb36"]
material = SubResource("StandardMaterial3D_d0iq4")
size = Vector3(2, 0.1, 8)

[sub_resource type="BoxMesh" id="BoxMesh_wnm7q"]
material = SubResource("StandardMaterial3D_d0iq4")
size = Vector3(0.2, 0.5, 6)

[sub_resource type="BoxMesh" id="BoxMesh_n8kgl"]
material = SubResource("StandardMaterial3D_d0iq4")
size = Vector3(12, 1, 8)

[sub_resource type="BoxMesh" id="BoxMesh_dq34n"]
material = SubResource("StandardMaterial3D_d0iq4")
size = Vector3(12, 2, 8)

[sub_resource type="BoxMesh" id="BoxMesh_8puai"]
material = SubResource("StandardMaterial3D_d0iq4")
size = Vector3(2, 0.5, 6)

[sub_resource type="BoxMesh" id="BoxMesh_gv2x6"]
material = SubResource("StandardMaterial3D_d0iq4")
size = Vector3(2, 0.5, 6)

[sub_resource type="BoxMesh" id="BoxMesh_8qey6"]
material = SubResource("StandardMaterial3D_d0iq4")
size = Vector3(12, 8, 8)

[sub_resource type="BoxMesh" id="BoxMesh_t1exr"]
material = SubResource("StandardMaterial3D_d0iq4")
size = Vector3(12, 3, 8)

[sub_resource type="BoxMesh" id="BoxMesh_32m5s"]
material = SubResource("StandardMaterial3D_d0iq4")
size = Vector3(12, 4, 8)

[sub_resource type="StandardMaterial3D" id="StandardMaterial3D_fqnl1"]
albedo_color = Color(0.946, 0.91, 1, 0.960784)
albedo_texture = ExtResource("10_3hefl")
uv1_triplanar_sharpness = 29.4218
uv1_world_triplanar = true
distance_fade_min_distance = 0.25
distance_fade_max_distance = 1.0

[sub_resource type="PrismMesh" id="PrismMesh_stdua"]
material = SubResource("StandardMaterial3D_fqnl1")
left_to_right = 1.0
size = Vector3(12, 2, 8)

[sub_resource type="PrismMesh" id="PrismMesh_maodd"]
material = SubResource("StandardMaterial3D_fqnl1")
left_to_right = 1.0
size = Vector3(12, 4, 8)

[sub_resource type="PrismMesh" id="PrismMesh_yfb36"]
material = SubResource("StandardMaterial3D_fqnl1")
left_to_right = 1.0
size = Vector3(12, 6, 8)

[sub_resource type="PrismMesh" id="PrismMesh_uumii"]
material = SubResource("StandardMaterial3D_fqnl1")
left_to_right = 1.0
size = Vector3(12, 8, 8)

[sub_resource type="PrismMesh" id="PrismMesh_cebl7"]
material = SubResource("StandardMaterial3D_fqnl1")
left_to_right = 1.0
size = Vector3(12, 10, 8)

[sub_resource type="PrismMesh" id="PrismMesh_khno1"]
material = SubResource("StandardMaterial3D_fqnl1")
left_to_right = 1.0
size = Vector3(12, 12, 8)

[sub_resource type="CylinderMesh" id="CylinderMesh_yfb36"]
material = SubResource("StandardMaterial3D_uumii")
top_radius = 1.0
bottom_radius = 1.15
height = 0.3

[sub_resource type="CylinderMesh" id="CylinderMesh_cebl7"]
material = SubResource("StandardMaterial3D_22ppr")
top_radius = 0.3
bottom_radius = 0.3
height = 5.0
radial_segments = 10

[sub_resource type="CylinderMesh" id="CylinderMesh_khno1"]
material = SubResource("StandardMaterial3D_22ppr")
top_radius = 0.3
bottom_radius = 0.3
height = 8.0
radial_segments = 10

[sub_resource type="CylinderMesh" id="CylinderMesh_onqnv"]
material = SubResource("StandardMaterial3D_22ppr")
top_radius = 0.8
bottom_radius = 1.0
height = 16.0

[sub_resource type="CylinderMesh" id="CylinderMesh_au5bj"]
material = SubResource("StandardMaterial3D_22ppr")
bottom_radius = 0.75
height = 11.0

[sub_resource type="CylinderMesh" id="CylinderMesh_mh3qq"]
material = SubResource("StandardMaterial3D_22ppr")
top_radius = 0.3
height = 12.0

[sub_resource type="CylinderMesh" id="CylinderMesh_kuync"]
material = SubResource("StandardMaterial3D_22ppr")
top_radius = 0.1
bottom_radius = 0.3
height = 13.0

[sub_resource type="PrismMesh" id="PrismMesh_is1fq"]
material = SubResource("StandardMaterial3D_fqnl1")
size = Vector3(40, 30, 80)

[sub_resource type="StandardMaterial3D" id="StandardMaterial3D_vv2k3"]
albedo_color = Color(0.1462, 0.43, 0.21715, 1)
metallic_specular = 0.73
roughness = 0.33

[sub_resource type="CylinderMesh" id="CylinderMesh_ncdai"]
material = SubResource("StandardMaterial3D_vv2k3")
top_radius = 1.5
bottom_radius = 1.65
height = 0.1

[sub_resource type="StandardMaterial3D" id="StandardMaterial3D_wnm7q"]
albedo_color = Color(0.69608, 0.77, 0.2156, 1)
metallic_specular = 0.73
roughness = 0.33

[sub_resource type="CylinderMesh" id="CylinderMesh_mjpix"]
material = SubResource("StandardMaterial3D_wnm7q")
top_radius = 1.5
bottom_radius = 1.65
height = 0.1

[sub_resource type="StandardMaterial3D" id="StandardMaterial3D_h8bdu"]
albedo_color = Color(0.1462, 0.43, 0.21715, 1)
metallic_specular = 0.73
roughness = 0.33

[sub_resource type="CylinderMesh" id="CylinderMesh_td8rg"]
material = SubResource("StandardMaterial3D_h8bdu")
top_radius = 2.847
bottom_radius = 3.005
height = 0.127

[sub_resource type="CylinderMesh" id="CylinderMesh_ktx8r"]
material = SubResource("StandardMaterial3D_22ppr")
top_radius = 0.3
bottom_radius = 0.3
height = 40.0
radial_segments = 4

[sub_resource type="CylinderMesh" id="CylinderMesh_ud8sp"]
material = SubResource("StandardMaterial3D_22ppr")
top_radius = 0.3
bottom_radius = 0.3
height = 30.0
radial_segments = 4

[sub_resource type="StandardMaterial3D" id="StandardMaterial3D_iwmtt"]
albedo_color = Color(0.69608, 0.77, 0.2156, 1)
metallic_specular = 0.73
roughness = 0.33

[sub_resource type="CylinderMesh" id="CylinderMesh_4cf5r"]
material = SubResource("StandardMaterial3D_iwmtt")
top_radius = 2.847
bottom_radius = 3.005
height = 0.127

[sub_resource type="CylinderMesh" id="CylinderMesh_ow684"]
material = SubResource("StandardMaterial3D_vv2k3")
top_radius = 6.0
bottom_radius = 6.5
height = 0.2

[sub_resource type="CylinderMesh" id="CylinderMesh_puves"]
material = SubResource("StandardMaterial3D_22ppr")
top_radius = 0.3
bottom_radius = 0.3
height = 40.0
radial_segments = 4

[sub_resource type="StandardMaterial3D" id="StandardMaterial3D_fthbk"]
albedo_color = Color(0.69608, 0.77, 0.2156, 1)
metallic_specular = 0.73
roughness = 0.33

[sub_resource type="CylinderMesh" id="CylinderMesh_gmy16"]
material = SubResource("StandardMaterial3D_fthbk")
top_radius = 2.847
bottom_radius = 3.005
height = 0.127

[sub_resource type="CylinderMesh" id="CylinderMesh_8ocju"]
material = SubResource("StandardMaterial3D_h8bdu")
top_radius = 4.0
bottom_radius = 4.5
height = 0.4

[sub_resource type="StandardMaterial3D" id="StandardMaterial3D_iafbq"]
transparency = 1
albedo_color = Color(0.398531, 0.398531, 0.398531, 0.858824)
albedo_texture = ExtResource("6_e7iyd")

[sub_resource type="BoxMesh" id="BoxMesh_k18g4"]
material = SubResource("StandardMaterial3D_iafbq")
size = Vector3(39.9, 19.9, 79.9)

[sub_resource type="PrismMesh" id="PrismMesh_psbkl"]
material = SubResource("StandardMaterial3D_abjlc")
size = Vector3(70, 38, 202.5)

[sub_resource type="BoxMesh" id="BoxMesh_mw6r1"]
material = SubResource("StandardMaterial3D_abjlc")
size = Vector3(21, 5, 36)

[sub_resource type="SphereMesh" id="SphereMesh_iafbq"]
material = SubResource("StandardMaterial3D_abjlc")
radius = 50.0
height = 55.5

[sub_resource type="CylinderMesh" id="CylinderMesh_8puai"]
material = SubResource("StandardMaterial3D_uumii")
top_radius = 10.0
bottom_radius = 12.0
height = 2.5

[sub_resource type="CylinderMesh" id="CylinderMesh_gv2x6"]
material = SubResource("StandardMaterial3D_22ppr")
top_radius = 0.3
bottom_radius = 0.3
height = 26.0
radial_segments = 4

[sub_resource type="CylinderMesh" id="CylinderMesh_8qey6"]
material = SubResource("StandardMaterial3D_22ppr")
top_radius = 3.0
bottom_radius = 1.0
height = 30.0
radial_segments = 10

[sub_resource type="CylinderMesh" id="CylinderMesh_iyhq1"]
material = SubResource("StandardMaterial3D_22ppr")
top_radius = 3.0
bottom_radius = 1.0
height = 30.0
radial_segments = 10

[sub_resource type="CylinderMesh" id="CylinderMesh_s4n3l"]
material = SubResource("StandardMaterial3D_22ppr")
bottom_radius = 0.75
height = 11.0
radial_segments = 10

[sub_resource type="CylinderMesh" id="CylinderMesh_qn78l"]
material = SubResource("StandardMaterial3D_22ppr")
top_radius = 3.112
bottom_radius = 3.312
height = 1.0
radial_segments = 10

[sub_resource type="CylinderMesh" id="CylinderMesh_5vwqk"]
material = SubResource("StandardMaterial3D_22ppr")
top_radius = 0.1
bottom_radius = 0.3
height = 18.0
radial_segments = 10

[sub_resource type="CylinderMesh" id="CylinderMesh_26cs1"]
material = SubResource("StandardMaterial3D_22ppr")
bottom_radius = 0.1
height = 10.0
radial_segments = 10

[sub_resource type="CylinderMesh" id="CylinderMesh_h8bdu"]
material = SubResource("StandardMaterial3D_22ppr")
top_radius = 12.0
bottom_radius = 1.0
height = 160.0
radial_segments = 32

[sub_resource type="StandardMaterial3D" id="StandardMaterial3D_8puai"]
albedo_texture = ExtResource("2_e7iyd")
metallic_specular = 0.93
roughness = 0.0
uv1_scale = Vector3(0.1, 0.1, 0.1)
uv1_triplanar = true

[sub_resource type="Curve3D" id="Curve3D_ktx8r"]
_data = {
"points": PackedVector3Array(0.012619, 0.650772, 145.547, -0.012619, -0.650772, -145.547, 0.440079, 1.6772, -0.264969, -0.0217972, -7.24882, 3.64879, 0.0217972, 7.24882, -3.64879, 0.128906, 53.6293, -176.204, -0.319862, -43.3141, 1.99217, 0.319862, 43.3141, -1.99217, 0.332214, 108.652, -188.487),
"tilts": PackedFloat32Array(0, 0, 0)
}
point_count = 3

[sub_resource type="StandardMaterial3D" id="StandardMaterial3D_gv2x6"]
albedo_color = Color(0.168119, 0.16812, 0.168119, 1)
albedo_texture = ExtResource("11_vv2k3")
metallic = 0.55
metallic_specular = 0.2
roughness = 0.45

[sub_resource type="CylinderMesh" id="CylinderMesh_iwmtt"]
material = SubResource("StandardMaterial3D_gv2x6")
top_radius = 24.0
bottom_radius = 12.0
height = 9.0
radial_segments = 32

[node name="debug_level" type="Node3D"]
metadata/_edit_lock_ = true

[node name="GameElements" type="Node3D" parent="."]

[node name="WorldEnvironment" type="WorldEnvironment" parent="GameElements"]
environment = SubResource("Environment_iid17")

[node name="DirectionalLight3D" type="DirectionalLight3D" parent="GameElements"]
transform = Transform3D(-0.866023, -0.433016, 0.250001, 0, 0.499998, 0.866027, -0.500003, 0.749999, -0.43301, 0, 50, 0)
light_energy = 0.25
shadow_enabled = true
metadata/_edit_lock_ = true

[node name="Telepoints" type="Node3D" parent="GameElements"]

[node name="Spawn" type="Marker3D" parent="GameElements/Telepoints" groups=["telepoint"]]
transform = Transform3D(-0.173648, -0.254887, 0.951251, 0, 0.965926, 0.258819, -0.984808, 0.0449435, -0.167731, -8.5, 4, -2.25)

[node name="Surf Pit" type="Marker3D" parent="GameElements/Telepoints" groups=["telepoint"]]
transform = Transform3D(-4.37114e-08, 0, 1, 0, 1, 0, -1, 0, -4.37114e-08, 270, -5, 0)

[node name="The Ramp" type="Marker3D" parent="GameElements/Telepoints" groups=["telepoint"]]
transform = Transform3D(-4.37114e-08, 0.642788, -0.766044, 0, 0.766044, 0.642788, 1, 2.80971e-08, -3.34849e-08, 0, 212, 0)

[node name="CharacterBody3D" parent="GameElements" instance=ExtResource("1_8brya")]
transform = Transform3D(-0.548133, 0, 0.836392, 0, 1, 0, -0.836392, 0, -0.548133, -10.2587, -7.15256e-07, -1.33547)

[node name="QuickMirror" type="CSGBox3D" parent="GameElements"]
transform = Transform3D(-0.707107, 0, 0.707107, 0, 1, 0, -0.707107, 0, -0.707107, -12.8191, 2, 1.0308)
use_collision = true
size = Vector3(3, 4, 0.05)
material = SubResource("StandardMaterial3D_bigbh")

[node name="Silverback" type="CSGBox3D" parent="GameElements/QuickMirror"]
transform = Transform3D(1, 0, 0, 0, 1, 0, 0, 0, 1, 0, 0, 0.01)
size = Vector3(2.5, 3.5, 0.01)
material = SubResource("StandardMaterial3D_yfb36")

[node name="Mirror" type="CSGBox3D" parent="GameElements/QuickMirror" node_paths=PackedStringArray("mirror_subviewport")]
transform = Transform3D(1, 0, 0, 0, 1, 0, 0, 0, 1, -0.0232716, 0, 0.0267281)
size = Vector3(2.5, 3.5, 0.001)
material = SubResource("StandardMaterial3D_8qey6")
script = ExtResource("3_iafbq")
mirror_subviewport = NodePath("SubViewport")

[node name="SubViewport" type="SubViewport" parent="GameElements/QuickMirror/Mirror"]
size = Vector2i(1024, 1432)
render_target_update_mode = 0

[node name="Node3D" type="Node3D" parent="GameElements/QuickMirror/Mirror/SubViewport"]
transform = Transform3D(0.707107, 0, -0.707107, 0, 1, 0, 0.707107, 0, 0.707107, -12.8577, 2.18985, 1.09171)

[node name="Camera3D" type="Camera3D" parent="GameElements/QuickMirror/Mirror/SubViewport/Node3D"]
transform = Transform3D(1, 0, 0, 0, 1, 0, 0, 0, 1, 0, 0, -0.0245645)
near = 0.1

[node name="Node3D" type="Node3D" parent="GameElements/QuickMirror"]

[node name="BobbingCoin" parent="GameElements" instance=ExtResource("4_wnm7q")]

[node name="rolling_coins" type="Node3D" parent="GameElements"]
transform = Transform3D(1, 0, 0, 0, 1, 0, 0, 0, 1, 39.8422, 25.5453, -15.3019)

[node name="physics_coin" parent="GameElements/rolling_coins" instance=ExtResource("5_psbkl")]
transform = Transform3D(-0.073436, -0.959215, 0.272974, -0.840827, 0.206739, 0.500269, -0.5363, -0.192786, -0.821716, -5.71745, -1.36125, 16.8248)

[node name="physics_coin2" parent="GameElements/rolling_coins" instance=ExtResource("5_psbkl")]
transform = Transform3D(0.316285, -0.854014, -0.413066, 0.332734, -0.307893, 0.891342, -0.8884, -0.419359, 0.186778, -1.73028, 25.3818, 18.2734)

[node name="physics_coin3" parent="GameElements/rolling_coins" instance=ExtResource("5_psbkl")]
transform = Transform3D(0.661242, -0.346064, 0.665582, -0.454823, 0.520627, 0.722553, -0.59657, -0.780506, 0.186862, -10.1193, 13.0548, 18.3112)

[node name="physics_coin4" parent="GameElements/rolling_coins" instance=ExtResource("5_psbkl")]
transform = Transform3D(-0.20917, -0.975981, 0.0609014, -0.634126, 0.182786, 0.751315, -0.744401, 0.118533, -0.657129, -6.13016, 5.16969, 16.1474)

[node name="physics_coin5" parent="GameElements/rolling_coins" instance=ExtResource("5_psbkl")]
transform = Transform3D(-0.073436, -0.959215, 0.272974, -0.840827, 0.206739, 0.500269, -0.5363, -0.192786, -0.821716, -19.4734, 2.65505, 15.8331)

[node name="physics_coin6" parent="GameElements/rolling_coins" instance=ExtResource("5_psbkl")]
transform = Transform3D(-0.20917, -0.975981, 0.0609014, -0.634126, 0.182786, 0.751315, -0.744401, 0.118533, -0.657129, -12.2904, 14.6267, 17.6475)

[node name="physics_coin7" parent="GameElements/rolling_coins" instance=ExtResource("5_psbkl")]
transform = Transform3D(-0.0392834, -0.973483, -0.225364, -0.878294, -0.0739147, 0.472375, -0.476507, 0.216492, -0.8521, -10.3616, -3.44642, 19.0527)

[node name="physics_coin8" parent="GameElements/rolling_coins" instance=ExtResource("5_psbkl")]
transform = Transform3D(-0.166657, -0.826074, -0.538355, 0.316594, -0.561913, 0.764215, -0.933808, -0.0430786, 0.355176, 2.00516, 15.9734, 14.2887)

[node name="physics_coin9" parent="GameElements/rolling_coins" instance=ExtResource("5_psbkl")]
transform = Transform3D(0.471469, -0.756598, 0.453075, -0.319558, 0.332273, 0.887399, -0.821949, -0.563166, -0.0851215, 2.43101, 12.7045, 8.69196)

[node name="physics_coin10" parent="GameElements/rolling_coins" instance=ExtResource("5_psbkl")]
transform = Transform3D(-0.298123, -0.858788, -0.416659, -0.736049, -0.0710948, 0.673185, -0.607746, 0.507373, -0.610917, -16.0357, 8.5013, 22.4517)

[node name="physics_coin11" parent="GameElements/rolling_coins" instance=ExtResource("5_psbkl")]
transform = Transform3D(-0.0392834, -0.973483, -0.225364, -0.878294, -0.0739147, 0.472375, -0.476507, 0.216492, -0.8521, 5.50033, 2.74788, 26.3309)

[node name="physics_coin12" parent="GameElements/rolling_coins" instance=ExtResource("5_psbkl")]
transform = Transform3D(-0.298123, -0.858788, -0.416659, -0.736049, -0.0710948, 0.673185, -0.607746, 0.507373, -0.610917, -9.35799, 14.7403, 25.8952)

[node name="physics_coin13" parent="GameElements/rolling_coins" instance=ExtResource("5_psbkl")]
transform = Transform3D(-0.073436, -0.959215, 0.272974, -0.840827, 0.206739, 0.500269, -0.5363, -0.192786, -0.821716, -1.43456, 11.9699, -0.153442)

[node name="physics_coin14" parent="GameElements/rolling_coins" instance=ExtResource("5_psbkl")]
transform = Transform3D(0.316285, -0.854014, -0.413066, 0.332734, -0.307893, 0.891342, -0.8884, -0.419359, 0.186778, -5.49314, 17.6588, 13.969)

[node name="physics_coin15" parent="GameElements/rolling_coins" instance=ExtResource("5_psbkl")]
transform = Transform3D(0.661242, -0.346064, 0.665582, -0.454823, 0.520627, 0.722553, -0.59657, -0.780506, 0.186862, 7.46141, 12.9148, 17.5961)

[node name="physics_coin16" parent="GameElements/rolling_coins" instance=ExtResource("5_psbkl")]
transform = Transform3D(-0.20917, -0.975981, 0.0609014, -0.634126, 0.182786, 0.751315, -0.744401, 0.118533, -0.657129, -18.7416, 20.1068, -1.98764)

[node name="physics_coin17" parent="GameElements/rolling_coins" instance=ExtResource("5_psbkl")]
transform = Transform3D(-0.073436, -0.959215, 0.272974, -0.840827, 0.206739, 0.500269, -0.5363, -0.192786, -0.821716, -3.21703, 13.3008, 1.09525)

[node name="physics_coin18" parent="GameElements/rolling_coins" instance=ExtResource("5_psbkl")]
transform = Transform3D(-0.20917, -0.975981, 0.0609014, -0.634126, 0.182786, 0.751315, -0.744401, 0.118533, -0.657129, -9.49418, 26.8161, 2.65076)

[node name="physics_coin19" parent="GameElements/rolling_coins" instance=ExtResource("5_psbkl")]
transform = Transform3D(-0.0392834, -0.973483, -0.225364, -0.878294, -0.0739147, 0.472375, -0.476507, 0.216492, -0.8521, -17.5863, 9.49668, 1.26546)

[node name="physics_coin20" parent="GameElements/rolling_coins" instance=ExtResource("5_psbkl")]
transform = Transform3D(-0.166657, -0.826074, -0.538355, 0.316594, -0.561913, 0.764215, -0.933808, -0.0430786, 0.355176, -3.311, 11.4172, 15.9955)

[node name="physics_coin21" parent="GameElements/rolling_coins" instance=ExtResource("5_psbkl")]
transform = Transform3D(0.471469, -0.756598, 0.453075, -0.319558, 0.332273, 0.8874, -0.821949, -0.563166, -0.0851215, 3.7481, 11.9687, -2.45065)

[node name="physics_coin22" parent="GameElements/rolling_coins" instance=ExtResource("5_psbkl")]
transform = Transform3D(-0.298123, -0.858788, -0.416659, -0.736049, -0.0710948, 0.673185, -0.607746, 0.507373, -0.610917, -21.5091, 18.9514, 8.92766)

[node name="physics_coin23" parent="GameElements/rolling_coins" instance=ExtResource("5_psbkl")]
transform = Transform3D(-0.0392834, -0.973483, -0.225364, -0.878294, -0.0739147, 0.472375, -0.476507, 0.216492, -0.8521, -0.197086, 8.8295, 6.47865)

[node name="physics_coin24" parent="GameElements/rolling_coins" instance=ExtResource("5_psbkl")]
transform = Transform3D(-0.298123, -0.858788, -0.416659, -0.736049, -0.0710948, 0.673185, -0.607746, 0.507373, -0.610917, -30.5779, 21.8409, 6.94336)

[node name="physics_coin25" parent="GameElements/rolling_coins" instance=ExtResource("5_psbkl")]
transform = Transform3D(-0.073436, -0.959215, 0.272974, -0.840827, 0.206739, 0.500269, -0.5363, -0.192786, -0.821716, -8.61201, 6.28583, 18.8068)

[node name="physics_coin26" parent="GameElements/rolling_coins" instance=ExtResource("5_psbkl")]
transform = Transform3D(0.316285, -0.854014, -0.413066, 0.332734, -0.307893, 0.891342, -0.8884, -0.419359, 0.186778, -6.99859, 20.1537, 14.9762)

[node name="physics_coin27" parent="GameElements/rolling_coins" instance=ExtResource("5_psbkl")]
transform = Transform3D(0.661242, -0.346064, 0.665582, -0.454823, 0.520627, 0.722553, -0.59657, -0.780506, 0.186862, 2.42746, 12.2341, 21.3777)

[node name="physics_coin28" parent="GameElements/rolling_coins" instance=ExtResource("5_psbkl")]
transform = Transform3D(-0.20917, -0.975981, 0.0609014, -0.634126, 0.182786, 0.751315, -0.744401, 0.118533, -0.657129, -15.9202, 8.00498, 14.5462)

[node name="physics_coin29" parent="GameElements/rolling_coins" instance=ExtResource("5_psbkl")]
transform = Transform3D(-0.073436, -0.959215, 0.272974, -0.840827, 0.206739, 0.500269, -0.5363, -0.192786, -0.821716, -6.12795, 3.73299, 19.7983)

[node name="physics_coin30" parent="GameElements/rolling_coins" instance=ExtResource("5_psbkl")]
transform = Transform3D(-0.20917, -0.975981, 0.0609014, -0.634126, 0.182786, 0.751315, -0.744401, 0.118533, -0.657129, -13.3802, 6.96873, 14.5939)

[node name="physics_coin31" parent="GameElements/rolling_coins" instance=ExtResource("5_psbkl")]
transform = Transform3D(-0.0392834, -0.973483, -0.225364, -0.878294, -0.0739147, 0.472375, -0.476507, 0.216492, -0.8521, -2.94745, 8.20952, 25.243)

[node name="physics_coin32" parent="GameElements/rolling_coins" instance=ExtResource("5_psbkl")]
transform = Transform3D(-0.166657, -0.826074, -0.538355, 0.316594, -0.561913, 0.764215, -0.933808, -0.0430786, 0.355176, -16.8047, 21.0514, 11.079)

[node name="physics_coin33" parent="GameElements/rolling_coins" instance=ExtResource("5_psbkl")]
transform = Transform3D(0.471469, -0.756598, 0.453075, -0.319558, 0.332273, 0.887399, -0.821949, -0.563166, -0.0851215, 0.132862, 14.6268, 8.76936)

[node name="physics_coin34" parent="GameElements/rolling_coins" instance=ExtResource("5_psbkl")]
transform = Transform3D(-0.298123, -0.858788, -0.416659, -0.736049, -0.0710948, 0.673185, -0.607746, 0.507373, -0.610917, -11.766, 4.78556, 22.256)

[node name="physics_coin35" parent="GameElements/rolling_coins" instance=ExtResource("5_psbkl")]
transform = Transform3D(-0.0392834, -0.973483, -0.225364, -0.878294, -0.0739147, 0.472375, -0.476507, 0.216492, -0.8521, 1.30223, 4.06276, 25.68)

[node name="physics_coin36" parent="GameElements/rolling_coins" instance=ExtResource("5_psbkl")]
transform = Transform3D(-0.298123, -0.858788, -0.416659, -0.736049, -0.0710948, 0.673185, -0.607746, 0.507373, -0.610917, -20.3654, 8.49937, 20.6948)

[node name="physics_coin37" parent="GameElements/rolling_coins" instance=ExtResource("5_psbkl")]
transform = Transform3D(-0.073436, -0.959215, 0.272974, -0.840827, 0.206739, 0.500269, -0.5363, -0.192786, -0.821716, -3.92944, 15.8045, 0.560753)

[node name="physics_coin38" parent="GameElements/rolling_coins" instance=ExtResource("5_psbkl")]
transform = Transform3D(0.316285, -0.854014, -0.413066, 0.332734, -0.307893, 0.891342, -0.8884, -0.419359, 0.186778, 2.05944, 15.142, 15.0855)

[node name="physics_coin39" parent="GameElements/rolling_coins" instance=ExtResource("5_psbkl")]
transform = Transform3D(0.661242, -0.346064, 0.665582, -0.454823, 0.520627, 0.722553, -0.59657, -0.780506, 0.186862, -13.4642, 13.3076, 12.1298)

[node name="physics_coin40" parent="GameElements/rolling_coins" instance=ExtResource("5_psbkl")]
transform = Transform3D(-0.20917, -0.975981, 0.0609014, -0.634126, 0.182786, 0.751315, -0.744401, 0.118533, -0.657129, -13.0547, 20.0021, -0.501343)

[node name="physics_coin41" parent="GameElements/rolling_coins" instance=ExtResource("5_psbkl")]
transform = Transform3D(-0.073436, -0.959215, 0.272974, -0.840827, 0.206739, 0.500269, -0.5363, -0.192786, -0.821716, 5.03142, 14.7884, 3.84225)

[node name="physics_coin42" parent="GameElements/rolling_coins" instance=ExtResource("5_psbkl")]
transform = Transform3D(-0.20917, -0.975981, 0.0609014, -0.634126, 0.182786, 0.751315, -0.744401, 0.118533, -0.657129, -8.24599, 23.3035, 1.71856)

[node name="physics_coin43" parent="GameElements/rolling_coins" instance=ExtResource("5_psbkl")]
transform = Transform3D(-0.0392834, -0.973483, -0.225364, -0.878294, -0.0739147, 0.472375, -0.476507, 0.216492, -0.8521, -11.6277, 15.9188, 5.17825)

[node name="physics_coin44" parent="GameElements/rolling_coins" instance=ExtResource("5_psbkl")]
transform = Transform3D(-0.166657, -0.826074, -0.538355, 0.316594, -0.561913, 0.764215, -0.933808, -0.0430786, 0.355176, -10.7042, 19.4145, 16.8981)

[node name="physics_coin45" parent="GameElements/rolling_coins" instance=ExtResource("5_psbkl")]
transform = Transform3D(0.471469, -0.756598, 0.453075, -0.319558, 0.332273, 0.8874, -0.821949, -0.563166, -0.0851215, 3.46497, 20.5422, 0.565254)

[node name="physics_coin46" parent="GameElements/rolling_coins" instance=ExtResource("5_psbkl")]
transform = Transform3D(-0.298123, -0.858788, -0.416659, -0.736049, -0.0710948, 0.673185, -0.607746, 0.507373, -0.610917, -22.4432, 25.0974, 10.8937)

[node name="physics_coin47" parent="GameElements/rolling_coins" instance=ExtResource("5_psbkl")]
transform = Transform3D(-0.0392834, -0.973483, -0.225364, -0.878294, -0.0739147, 0.472375, -0.476507, 0.216492, -0.8521, -7.59061, 13.6245, 6.22636)

[node name="physics_coin48" parent="GameElements/rolling_coins" instance=ExtResource("5_psbkl")]
transform = Transform3D(-0.298123, -0.858788, -0.416659, -0.736049, -0.0710948, 0.673185, -0.607746, 0.507373, -0.610917, -22.0603, 23.9782, 9.99666)

[node name="LevelGeometry" type="Node3D" parent="."]

[node name="walls" type="CSGCylinder3D" parent="LevelGeometry"]
transform = Transform3D(-4.37114e-08, 0, 1, 0, 1, 0, -1, 0, -4.37114e-08, 175, 75, 0)
use_collision = true
radius = 250.0
height = 250.0
sides = 6
material = SubResource("StandardMaterial3D_22ppr")
metadata/_edit_lock_ = true

[node name="level_cutout" type="CSGCylinder3D" parent="LevelGeometry/walls"]
transform = Transform3D(1, 0, 0, 0, 1, 0, 0, 0, 1, 0, 25, 0)
operation = 2
radius = 245.0
height = 210.0
sides = 6
material = SubResource("StandardMaterial3D_22ppr")
metadata/_edit_lock_ = true

[node name="floor" type="CSGCylinder3D" parent="LevelGeometry/walls"]
transform = Transform3D(1, 0, 0, 0, 1, 0, 0, 0, 1, 0, -100, 0)
material_overlay = SubResource("StandardMaterial3D_vpf3f")
use_collision = true
radius = 240.0
height = 50.0
sides = 6
material = SubResource("StandardMaterial3D_0203f")
metadata/_edit_lock_ = true

[node name="pond_cutout" type="CSGMesh3D" parent="LevelGeometry/walls"]
transform = Transform3D(-4.37114e-08, 0, -1, 0, 1, 0, 1, 0, -4.37114e-08, 5.72205e-06, -85, -140)
operation = 2
mesh = SubResource("BoxMesh_aciha")
metadata/_edit_lock_ = true

[node name="pit_funnel_cutout" type="CSGMesh3D" parent="LevelGeometry/walls"]
transform = Transform3D(1, 1.06581e-14, -4.02341e-21, 0, -4.37114e-08, -1, -1.06581e-14, 1, -4.37114e-08, 0, -60, 156)
operation = 2
mesh = SubResource("CylinderMesh_e7iyd")
metadata/_edit_lock_ = true

[node name="pit_ramps_cutout" type="CSGMesh3D" parent="LevelGeometry/walls"]
transform = Transform3D(1, 8.74228e-08, -1.06581e-14, 8.74228e-08, -1, 0, -1.06581e-14, 3.82137e-15, -1, 0, -100, 21.2)
operation = 2
mesh = SubResource("PrismMesh_nqvgl")
metadata/_edit_lock_ = true

[node name="DebugGeo" type="Node3D" parent="LevelGeometry"]
transform = Transform3D(1, 0, 0, 0, 1, 0, 0, 0, 1, 15, 0, 60)

[node name="FunkyPole" type="Node3D" parent="LevelGeometry/DebugGeo"]
transform = Transform3D(1, 0, 3.55271e-15, 0, 1, 0, 0, 0, 1, 60, 0, -105)

[node name="CSGMesh3D17" type="CSGMesh3D" parent="LevelGeometry/DebugGeo/FunkyPole"]
transform = Transform3D(0.464842, 0, 0.885394, 0, 1, 0, -0.885394, 0, 0.464842, 0, 12.6, 0)
material_overlay = SubResource("StandardMaterial3D_nqvgl")
use_collision = true
mesh = SubResource("CylinderMesh_cmckk")

[node name="CSGMesh3D16" type="CSGMesh3D" parent="LevelGeometry/DebugGeo/FunkyPole/CSGMesh3D17"]
transform = Transform3D(-4.37114e-08, 0, -1, 0, 1, 0, 1, 0, -4.37114e-08, -1.25349, 8.5, 0)
material_overlay = SubResource("StandardMaterial3D_nqvgl")
use_collision = true
mesh = SubResource("CylinderMesh_wnm7q")

[node name="CSGMesh3D18" type="CSGMesh3D" parent="LevelGeometry/DebugGeo/FunkyPole/CSGMesh3D17"]
transform = Transform3D(1, 0, 0, 0, 1, 0, 0, 0, 1, 0, 13, 1.25)
material_overlay = SubResource("StandardMaterial3D_nqvgl")
use_collision = true
mesh = SubResource("CylinderMesh_wnm7q")

[node name="CeilingTest" type="Node3D" parent="LevelGeometry/DebugGeo"]
transform = Transform3D(1, 0, 0, 0, 1, 0, 0, 0, 1, 60, 0, -10)

[node name="ceiling_test" type="CSGMesh3D" parent="LevelGeometry/DebugGeo/CeilingTest"]
transform = Transform3D(1, 0, 0, 0, 1, 0, 3.55271e-15, 0, 1, 0, 10, 0)
use_collision = true
collision_layer = 3
mesh = SubResource("BoxMesh_1fkf5")
metadata/_edit_lock_ = true

[node name="stand_subtractor_block" type="CSGMesh3D" parent="LevelGeometry/DebugGeo/CeilingTest/ceiling_test"]
transform = Transform3D(1, 0, 0, 0, 1, 0, 0, 0, 1, 0, -8, -8)
operation = 2
mesh = SubResource("BoxMesh_fieu7")

[node name="duck_subtractor_block" type="CSGMesh3D" parent="LevelGeometry/DebugGeo/CeilingTest/ceiling_test"]
transform = Transform3D(1, 0, 0, 0, 1, 0, 0, 0, 1, 0, -8.5, -5)
operation = 2
mesh = SubResource("BoxMesh_bigbh")

[node name="crouch_subtractor_block" type="CSGMesh3D" parent="LevelGeometry/DebugGeo/CeilingTest/ceiling_test"]
transform = Transform3D(1, 0, 0, 0, 1, 0, 0, 0, 1, 0, -9, -2)
operation = 2
mesh = SubResource("BoxMesh_d0iq4")

[node name="crawl_subtractor_block" type="CSGMesh3D" parent="LevelGeometry/DebugGeo/CeilingTest/ceiling_test"]
transform = Transform3D(1, 0, 0, 0, 1, 0, 0, 0, 1, 0, -9.5, 1)
operation = 2
mesh = SubResource("BoxMesh_fqnl1")

[node name="crouch_subtractor_block2" type="CSGMesh3D" parent="LevelGeometry/DebugGeo/CeilingTest/ceiling_test"]
transform = Transform3D(1, 0, 0, 0, 1, 0, 0, 0, 1, 0, -9, 3)
operation = 2
mesh = SubResource("BoxMesh_d0iq4")

[node name="duck_subtractor_block2" type="CSGMesh3D" parent="LevelGeometry/DebugGeo/CeilingTest/ceiling_test"]
transform = Transform3D(1, 0, 0, 0, 1, 0, 0, 0, 1, 0, -8.5, 5)
operation = 2
mesh = SubResource("BoxMesh_bigbh")

[node name="stand_subtractor_block2" type="CSGMesh3D" parent="LevelGeometry/DebugGeo/CeilingTest/ceiling_test"]
transform = Transform3D(1, 0, 0, 0, 1, 0, 0, 0, 1, 0, -8, 7)
operation = 2
mesh = SubResource("BoxMesh_fieu7")

[node name="StairsTest" type="Node3D" parent="LevelGeometry/DebugGeo"]
transform = Transform3D(-1, 0, -8.74228e-08, 0, 1, 0, 8.74228e-08, 0, -1, -30, 0, -12)

[node name="step" type="CSGMesh3D" parent="LevelGeometry/DebugGeo/StairsTest"]
transform = Transform3D(1, 0, 0, 0, 1, 0, 0, 0, 1, 0, 0.25, -5)
use_collision = true
mesh = SubResource("BoxMesh_uumii")

[node name="wide_minimal_step" type="CSGMesh3D" parent="LevelGeometry/DebugGeo/StairsTest"]
transform = Transform3D(1, 0, 0, 0, 1, 0, 0, 0, 1, -7, 0.05, -0.5)
use_collision = true
mesh = SubResource("BoxMesh_yfb36")

[node name="tall_minimal_step" type="CSGMesh3D" parent="LevelGeometry/DebugGeo/StairsTest"]
transform = Transform3D(1, 0, 0, 0, 1, 0, 0, 0, 1, -6.10001, 1.25, 7.5)
use_collision = true
mesh = SubResource("BoxMesh_wnm7q")

[node name="tall_minimal_step2" type="CSGMesh3D" parent="LevelGeometry/DebugGeo/StairsTest"]
transform = Transform3D(1, 0, 0, 0, 1, 0, 0, 0, 1, -6.3, 0.75, 7.5)
use_collision = true
mesh = SubResource("BoxMesh_wnm7q")

[node name="tall_minimal_step3" type="CSGMesh3D" parent="LevelGeometry/DebugGeo/StairsTest"]
transform = Transform3D(1, 0, 0, 0, 1, 0, 0, 0, 1, -6.5, 0.25, 7.5)
use_collision = true
mesh = SubResource("BoxMesh_wnm7q")

[node name="platform_1" type="CSGMesh3D" parent="LevelGeometry/DebugGeo/StairsTest"]
transform = Transform3D(1, 0, 0, 0, 1, 0, 0, 0, 1, 0, 0.5, -0.5)
use_collision = true
mesh = SubResource("BoxMesh_n8kgl")

[node name="platform_2" type="CSGMesh3D" parent="LevelGeometry/DebugGeo/StairsTest"]
transform = Transform3D(1, 0, 0, 0, 1, 0, 0, 0, 1, 0, 1, 7.5)
use_collision = true
mesh = SubResource("BoxMesh_dq34n")

[node name="tall_minimal_step4" type="CSGMesh3D" parent="LevelGeometry/DebugGeo/StairsTest"]
transform = Transform3D(-4.37114e-08, 0, -1, 0, 1, 0, 1, 0, -4.37114e-08, 3, 5.25, 26.4021)
use_collision = true
mesh = SubResource("BoxMesh_wnm7q")

[node name="tall_minimal_step5" type="CSGMesh3D" parent="LevelGeometry/DebugGeo/StairsTest"]
transform = Transform3D(-4.37114e-08, 0, -1, 0, 1, 0, 1, 0, -4.37114e-08, 3, 4.75, 26.2021)
use_collision = true
mesh = SubResource("BoxMesh_wnm7q")

[node name="tall_minimal_step6" type="CSGMesh3D" parent="LevelGeometry/DebugGeo/StairsTest"]
transform = Transform3D(-4.37114e-08, 0, -1, 0, 1, 0, 1, 0, -4.37114e-08, 3, 4.25, 26.0021)
use_collision = true
mesh = SubResource("BoxMesh_wnm7q")

[node name="tall_minimal_step7" type="CSGMesh3D" parent="LevelGeometry/DebugGeo/StairsTest"]
transform = Transform3D(-4.37114e-08, 0, -1, 0, 1, 0, 1, 0, -4.37114e-08, 3, 6.75, 27.0021)
use_collision = true
mesh = SubResource("BoxMesh_wnm7q")

[node name="tall_minimal_step8" type="CSGMesh3D" parent="LevelGeometry/DebugGeo/StairsTest"]
transform = Transform3D(-4.37114e-08, 0, -1, 0, 1, 0, 1, 0, -4.37114e-08, 3, 6.25, 26.8021)
use_collision = true
mesh = SubResource("BoxMesh_wnm7q")

[node name="tall_minimal_step10" type="CSGMesh3D" parent="LevelGeometry/DebugGeo/StairsTest"]
transform = Transform3D(-4.37114e-08, 0, -1, 0, 1, 0, 1, 0, -4.37114e-08, 3, 7.75, 27.4021)
use_collision = true
mesh = SubResource("BoxMesh_wnm7q")

[node name="tall_minimal_step11" type="CSGMesh3D" parent="LevelGeometry/DebugGeo/StairsTest"]
transform = Transform3D(-4.37114e-08, 0, -1, 0, 1, 0, 1, 0, -4.37114e-08, 3, 7.25, 27.2021)
use_collision = true
mesh = SubResource("BoxMesh_wnm7q")

[node name="tall_minimal_step9" type="CSGMesh3D" parent="LevelGeometry/DebugGeo/StairsTest"]
transform = Transform3D(-4.37114e-08, 0, -1, 0, 1, 0, 1, 0, -4.37114e-08, 3, 5.75, 26.6021)
use_collision = true
mesh = SubResource("BoxMesh_wnm7q")

[node name="tall_minimal_step12" type="CSGMesh3D" parent="LevelGeometry/DebugGeo/StairsTest"]
transform = Transform3D(-4.37114e-08, 0, -1, 0, 1, 0, 1, 0, -4.37114e-08, -3, 5.25, 27.3021)
use_collision = true
mesh = SubResource("BoxMesh_8puai")

[node name="tall_minimal_step13" type="CSGMesh3D" parent="LevelGeometry/DebugGeo/StairsTest"]
